8.900911808013916016e-01 1.099088862538337708e-01
9.787790179252624512e-01 2.122098207473754883e-02
9.490032792091369629e-01 5.099670588970184326e-02
8.957886099815368652e-01 1.042114123702049255e-01
6.411194205284118652e-01 3.588806092739105225e-01
5.722346901893615723e-01 4.277653396129608154e-01
9.208507537841796875e-01 7.914927601814270020e-02
8.509402275085449219e-01 1.490597277879714966e-01
4.514027535915374756e-01 5.485972166061401367e-01
8.878157734870910645e-01 1.121842041611671448e-01
7.962875962257385254e-01 2.037124037742614746e-01
7.532381415367126465e-01 2.467618435621261597e-01
5.122050642967224121e-01 4.877948760986328125e-01
6.900569200515747070e-01 3.099431097507476807e-01
6.506669521331787109e-01 3.493330180644989014e-01
8.614639043807983398e-01 1.385360658168792725e-01
7.680155634880065918e-01 2.319843769073486328e-01
9.629779458045959473e-01 3.702206909656524658e-02
5.144954919815063477e-01 4.855045676231384277e-01
6.967544555664062500e-01 3.032455444335937500e-01
4.668198823928833008e-01 5.331801176071166992e-01
5.648517608642578125e-01 4.351482987403869629e-01
9.261829257011413574e-01 7.381713390350341797e-02
6.562089920043945312e-01 3.437910377979278564e-01
6.687988638877868652e-01 3.312010765075683594e-01
8.417844772338867188e-01 1.582155376672744751e-01
9.434990882873535156e-01 5.650085955858230591e-02
3.343894779682159424e-01 6.656104922294616699e-01
9.245651960372924805e-01 7.543472945690155029e-02
8.864871263504028320e-01 1.135128289461135864e-01
6.632419228553771973e-01 3.367580771446228027e-01
5.470388531684875488e-01 4.529611766338348389e-01
8.468630909919738770e-01 1.531369686126708984e-01
5.536377429962158203e-01 4.463622570037841797e-01
6.157457828521728516e-01 3.842541575431823730e-01
9.508177638053894043e-01 4.918215796351432800e-02
7.546947002410888672e-01 2.453053742647171021e-01
4.923442900180816650e-01 5.076556801795959473e-01
5.705704092979431152e-01 4.294295608997344971e-01
5.851892232894897461e-01 4.148107767105102539e-01
8.862736821174621582e-01 1.137263402342796326e-01
9.148196578025817871e-01 8.518038690090179443e-02
4.365430176258087158e-01 5.634570121765136719e-01
5.935183763504028320e-01 4.064816534519195557e-01
7.499240040779113770e-01 2.500760257244110107e-01
8.431299328804016113e-01 1.568700969219207764e-01
9.247018694877624512e-01 7.529810816049575806e-02
9.797541499137878418e-01 2.024583518505096436e-02
8.772972226142883301e-01 1.227027773857116699e-01
5.617921352386474609e-01 4.382078349590301514e-01
8.843699693679809570e-01 1.156300157308578491e-01
7.936888933181762695e-01 2.063111513853073120e-01
2.981461882591247559e-01 7.018538117408752441e-01
6.158105134963989258e-01 3.841894567012786865e-01
8.389340639114379883e-01 1.610659807920455933e-01
7.336314916610717773e-01 2.663684785366058350e-01
6.879937648773193359e-01 3.120062947273254395e-01
8.270519971847534180e-01 1.729480028152465820e-01
9.799923300743103027e-01 2.000771649181842804e-02
5.639173388481140137e-01 4.360826909542083740e-01
7.650238871574401855e-01 2.349760830402374268e-01
8.680041432380676270e-01 1.319958567619323730e-01
8.246300220489501953e-01 1.753699779510498047e-01
6.146273612976074219e-01 3.853726685047149658e-01
8.627950549125671387e-01 1.372049599885940552e-01
9.243705272674560547e-01 7.562951743602752686e-02
7.212631106376647949e-01 2.787368893623352051e-01
7.056866884231567383e-01 2.943132519721984863e-01
9.301516413688659668e-01 6.984837353229522705e-02
9.295609593391418457e-01 7.043906301259994507e-02
4.655551910400390625e-01 5.344448685646057129e-01
7.987720966339111328e-01 2.012278735637664795e-01
8.903962373733520508e-01 1.096038296818733215e-01
9.650734066963195801e-01 3.492660820484161377e-02
9.474123716354370117e-01 5.258760601282119751e-02
7.573021054267883301e-01 2.426979094743728638e-01
8.045459985733032227e-01 1.954539269208908081e-01
8.690567612648010254e-01 1.309432238340377808e-01
7.392381429672241211e-01 2.607618868350982666e-01
9.140971302986145020e-01 8.590292185544967651e-02
9.017834663391113281e-01 9.821649640798568726e-02
9.292201399803161621e-01 7.077991217374801636e-02
9.780309796333312988e-01 2.196896448731422424e-02
9.269723892211914062e-01 7.302762567996978760e-02
9.222519397735595703e-01 7.774810492992401123e-02
9.641554951667785645e-01 3.584452345967292786e-02
7.415687441825866699e-01 2.584312260150909424e-01
8.117297887802124023e-01 1.882702112197875977e-01
9.240705370903015137e-01 7.592941075563430786e-02
9.118583202362060547e-01 8.814166486263275146e-02
7.999262809753417969e-01 2.000736594200134277e-01
7.079228758811950684e-01 2.920770943164825439e-01
6.216270923614501953e-01 3.783729374408721924e-01
8.304343223571777344e-01 1.695656776428222656e-01
9.079450964927673340e-01 9.205498546361923218e-02
7.615324854850769043e-01 2.384674847126007080e-01
8.774353265762329102e-01 1.225646659731864929e-01
8.139653205871582031e-01 1.860346794128417969e-01
8.133381009101867676e-01 1.866618841886520386e-01
9.227073192596435547e-01 7.729271054267883301e-02
8.870490193367004395e-01 1.129509136080741882e-01
9.146736860275268555e-01 8.532628417015075684e-02
7.617191672325134277e-01 2.382808923721313477e-01
8.895212411880493164e-01 1.104787737131118774e-01
9.261675477027893066e-01 7.383246719837188721e-02
9.195870161056518555e-01 8.041300624608993530e-02
8.859351277351379395e-01 1.140648722648620605e-01
4.389761388301849365e-01 5.610238909721374512e-01
6.726097464561462402e-01 3.273902237415313721e-01
9.373117089271545410e-01 6.268832087516784668e-02
8.648138642311096191e-01 1.351861357688903809e-01
9.798144698143005371e-01 2.018557861447334290e-02
8.867114782333374023e-01 1.132885143160820007e-01
8.455132842063903809e-01 1.544866412878036499e-01
9.470288157463073730e-01 5.297122523188591003e-02
4.661809206008911133e-01 5.338190793991088867e-01
7.510091066360473633e-01 2.489908784627914429e-01
7.642043232917785645e-01 2.357957214117050171e-01
7.819305658340454102e-01 2.180694639682769775e-01
8.409092426300048828e-01 1.590907722711563110e-01
7.046464085578918457e-01 2.953535914421081543e-01
5.548107624053955078e-01 4.451892077922821045e-01
9.640601277351379395e-01 3.593987971544265747e-02
9.188887476921081543e-01 8.111128956079483032e-02
8.385621309280395508e-01 1.614378839731216431e-01
7.818549871444702148e-01 2.181450128555297852e-01
5.084357261657714844e-01 4.915642440319061279e-01
7.722978591918945312e-01 2.277022153139114380e-01
7.168717384338378906e-01 2.831282317638397217e-01
5.637338161468505859e-01 4.362662136554718018e-01
7.830877304077148438e-01 2.169122993946075439e-01
8.987358212471008301e-01 1.012641787528991699e-01
5.810651779174804688e-01 4.189347624778747559e-01
7.371289134025573730e-01 2.628710865974426270e-01
8.763552308082580566e-01 1.236447915434837341e-01
9.686946272850036621e-01 3.130538016557693481e-02
9.352282285690307617e-01 6.477174162864685059e-02
3.652597069740295410e-01 6.347402930259704590e-01
8.767944574356079102e-01 1.232056245207786560e-01
8.773149251937866211e-01 1.226850450038909912e-01
8.933984637260437012e-01 1.066014990210533142e-01
8.982752561569213867e-01 1.017247885465621948e-01
9.225607514381408691e-01 7.743918150663375854e-02
6.651690006256103516e-01 3.348309993743896484e-01
8.839042186737060547e-01 1.160958260297775269e-01
8.010067939758300781e-01 1.989931911230087280e-01
6.394054293632507324e-01 3.605945706367492676e-01
5.886426568031311035e-01 4.113572835922241211e-01
8.182922005653381348e-01 1.817078143358230591e-01
8.515197634696960449e-01 1.484802365303039551e-01
7.374845147132873535e-01 2.625155448913574219e-01
9.274995326995849609e-01 7.250052690505981445e-02
8.909142613410949707e-01 1.090857833623886108e-01
7.120338678359985352e-01 2.879661023616790771e-01
6.951153874397277832e-01 3.048846423625946045e-01
9.752126932144165039e-01 2.478729374706745148e-02
8.902522921562194824e-01 1.097476929426193237e-01
9.554123282432556152e-01 4.458769410848617554e-02
5.896784067153930664e-01 4.103216528892517090e-01
7.832971215248107910e-01 2.167028486728668213e-01
6.147367358207702637e-01 3.852632939815521240e-01
8.607843518257141113e-01 1.392156630754470825e-01
4.648376107215881348e-01 5.351623892784118652e-01
5.317605733871459961e-01 4.682394564151763916e-01
6.833840608596801758e-01 3.166159093379974365e-01
5.892038941383361816e-01 4.107961058616638184e-01
9.539085626602172852e-01 4.609142988920211792e-02
9.024376273155212402e-01 9.756239503622055054e-02
4.429718852043151855e-01 5.570281744003295898e-01
6.956998109817504883e-01 3.043001294136047363e-01
5.777927637100219727e-01 4.222072362899780273e-01
3.906834423542022705e-01 6.093165278434753418e-01
9.295417070388793945e-01 7.045831531286239624e-02
5.646819472312927246e-01 4.353180229663848877e-01
9.696388840675354004e-01 3.036110475659370422e-02
7.737613916397094727e-01 2.262385785579681396e-01
7.398699522018432617e-01 2.601300477981567383e-01
7.876874804496765137e-01 2.123125195503234863e-01
9.812424182891845703e-01 1.875754632055759430e-02
5.339220166206359863e-01 4.660779833793640137e-01
6.568716168403625488e-01 3.431283831596374512e-01
8.450244665145874023e-01 1.549755334854125977e-01
6.278579831123352051e-01 3.721420466899871826e-01
9.030675292015075684e-01 9.693241119384765625e-02
7.360867857933044434e-01 2.639131844043731689e-01
9.770841002464294434e-01 2.291592024266719818e-02
5.696013569831848145e-01 4.303986430168151855e-01
5.512074828147888184e-01 4.487925469875335693e-01
4.221392571926116943e-01 5.778607726097106934e-01
6.207908987998962402e-01 3.792091310024261475e-01
8.675703406333923340e-01 1.324296444654464722e-01
9.150511622428894043e-01 8.494880795478820801e-02
7.684131264686584473e-01 2.315868437290191650e-01
9.310773015022277832e-01 6.892265379428863525e-02
9.793339371681213379e-01 2.066612243652343750e-02
8.380477428436279297e-01 1.619522571563720703e-01
4.873096942901611328e-01 5.126902461051940918e-01
5.423055887222290039e-01 4.576944112777709961e-01
4.200751483440399170e-01 5.799248814582824707e-01
6.383410692214965820e-01 3.616589009761810303e-01
8.283461332321166992e-01 1.716538518667221069e-01
8.132514357566833496e-01 1.867485642433166504e-01
5.542111992835998535e-01 4.457888305187225342e-01
4.636597633361816406e-01 5.363401770591735840e-01
4.917595386505126953e-01 5.082405209541320801e-01
9.119591712951660156e-01 8.804086595773696899e-02
7.695069313049316406e-01 2.304931133985519409e-01
9.522495269775390625e-01 4.775049537420272827e-02
9.730167388916015625e-01 2.698322199285030365e-02
7.773254513740539551e-01 2.226745635271072388e-01
7.187977433204650879e-01 2.812022864818572998e-01
6.553570032119750977e-01 3.446429669857025146e-01
7.855443954467773438e-01 2.144555896520614624e-01
9.559310078620910645e-01 4.406905546784400940e-02
9.467273354530334473e-01 5.327270179986953735e-02
9.418954253196716309e-01 5.810463428497314453e-02
7.620050907135009766e-01 2.379948496818542480e-01
7.937774062156677246e-01 2.062225490808486938e-01
7.051505446434020996e-01 2.948494255542755127e-01
8.666083812713623047e-01 1.333916634321212769e-01
8.825622200965881348e-01 1.174377873539924622e-01
8.018226623535156250e-01 1.981773525476455688e-01
7.471717596054077148e-01 2.528282403945922852e-01
8.704145550727844238e-01 1.295854747295379639e-01
9.344031214714050293e-01 6.559685617685317993e-02
6.048461198806762695e-01 3.951538503170013428e-01
6.745198965072631836e-01 3.254801034927368164e-01
9.644195437431335449e-01 3.558047488331794739e-02
4.894198477268218994e-01 5.105801224708557129e-01
7.737283706665039062e-01 2.262717038393020630e-01
6.689624190330505371e-01 3.310375511646270752e-01
9.121947884559631348e-01 8.780518174171447754e-02
8.175209164619445801e-01 1.824791431427001953e-01
7.191811203956604004e-01 2.808187901973724365e-01
6.571528911590576172e-01 3.428471088409423828e-01
8.933824896812438965e-01 1.066174432635307312e-01
9.083114862442016602e-01 9.168851375579833984e-02
5.395075678825378418e-01 4.604923725128173828e-01
7.930861115455627441e-01 2.069138735532760620e-01
7.920951843261718750e-01 2.079048603773117065e-01
7.165468931198120117e-01 2.834531366825103760e-01
9.449156522750854492e-01 5.508433282375335693e-02
5.938771963119506836e-01 4.061228036880493164e-01
6.272485852241516113e-01 3.727514147758483887e-01
5.156313776969909668e-01 4.843685925006866455e-01
9.345369935035705566e-01 6.546302139759063721e-02
9.366753697395324707e-01 6.332462280988693237e-02
9.707966446876525879e-01 2.920341491699218750e-02
9.384346008300781250e-01 6.156535074114799500e-02
9.253915548324584961e-01 7.460845261812210083e-02
6.491289138793945312e-01 3.508710861206054688e-01
5.273283123970031738e-01 4.726716578006744385e-01
8.475138545036315918e-01 1.524861454963684082e-01
6.294771432876586914e-01 3.705228865146636963e-01
9.379706382751464844e-01 6.202939525246620178e-02
4.549543261528015137e-01 5.450457334518432617e-01
2.432843148708343506e-01 7.567156553268432617e-01
7.635271549224853516e-01 2.364728301763534546e-01
9.066346287727355957e-01 9.336534142494201660e-02
5.327972769737243652e-01 4.672026634216308594e-01
9.082924127578735352e-01 9.170759469270706177e-02
6.167014837265014648e-01 3.832984566688537598e-01
7.832503318786621094e-01 2.167496830224990845e-01
4.771795570850372314e-01 5.228205323219299316e-01
7.837672829627990723e-01 2.162326574325561523e-01
8.325316309928894043e-01 1.674683392047882080e-01
7.422879338264465332e-01 2.577120363712310791e-01
3.138198256492614746e-01 6.861802339553833008e-01
9.492806792259216309e-01 5.071934312582015991e-02
8.495997190475463867e-01 1.504002213478088379e-01
8.677524328231811523e-01 1.322476118803024292e-01
7.246939539909362793e-01 2.753059864044189453e-01
8.519719839096069336e-01 1.480279862880706787e-01
5.125672221183776855e-01 4.874327778816223145e-01
6.578605771064758301e-01 3.421393632888793945e-01
9.119530320167541504e-01 8.804699778556823730e-02
7.334362268447875977e-01 2.665637135505676270e-01
5.747389197349548340e-01 4.252610802650451660e-01
8.416360020637512207e-01 1.583639383316040039e-01
5.532519221305847168e-01 4.467481076717376709e-01
7.378718852996826172e-01 2.621281445026397705e-01
7.007006406784057617e-01 2.992993891239166260e-01
4.691149592399597168e-01 5.308851003646850586e-01
9.168688058853149414e-01 8.313114941120147705e-02
7.752150297164916992e-01 2.247849702835083008e-01
8.647884726524353027e-01 1.352115422487258911e-01
4.433571994304656982e-01 5.566427707672119141e-01
8.699373006820678711e-01 1.300626546144485474e-01
5.811464786529541016e-01 4.188535511493682861e-01
7.530766129493713379e-01 2.469234019517898560e-01
7.681642174720764160e-01 2.318358421325683594e-01
8.215505480766296387e-01 1.784494370222091675e-01
5.578789114952087402e-01 4.421210289001464844e-01
8.875546455383300781e-01 1.124453693628311157e-01
6.069251894950866699e-01 3.930748105049133301e-01
8.510113954544067383e-01 1.489886790513992310e-01
7.044162154197692871e-01 2.955838143825531006e-01
5.514410138130187988e-01 4.485589563846588135e-01
9.266757369041442871e-01 7.332427799701690674e-02
5.362854003906250000e-01 4.637145698070526123e-01
4.448736011981964111e-01 5.551264286041259766e-01
4.531703293323516846e-01 5.468296408653259277e-01
5.724093317985534668e-01 4.275907278060913086e-01
4.253253042697906494e-01 5.746746659278869629e-01
7.823904156684875488e-01 2.176095545291900635e-01
9.441778063774108887e-01 5.582226440310478210e-02
4.567272663116455078e-01 5.432727932929992676e-01
8.849574327468872070e-01 1.150425225496292114e-01
4.042851030826568604e-01 5.957148671150207520e-01
6.026316881179809570e-01 3.973683118820190430e-01
7.229043245315551758e-01 2.770956456661224365e-01
3.976751267910003662e-01 6.023249030113220215e-01
7.566003203392028809e-01 2.433996200561523438e-01
6.734627485275268555e-01 3.265373110771179199e-01
5.098008513450622559e-01 4.901991784572601318e-01
5.260444879531860352e-01 4.739556014537811279e-01
8.591088056564331055e-01 1.408912241458892822e-01
6.604328751564025879e-01 3.395670950412750244e-01
5.032433271408081055e-01 4.967566430568695068e-01
8.036459684371948242e-01 1.963540315628051758e-01
7.155795693397521973e-01 2.844204604625701904e-01
5.606425404548645020e-01 4.393575489521026611e-01
6.397722363471984863e-01 3.602277338504791260e-01
6.778312325477600098e-01 3.221687972545623779e-01
4.759446680545806885e-01 5.240553021430969238e-01
8.066433072090148926e-01 1.933567374944686890e-01
8.112558722496032715e-01 1.887440830469131470e-01
6.129961013793945312e-01 3.870038092136383057e-01
8.297137022018432617e-01 1.702862977981567383e-01
4.385456740856170654e-01 5.614542961120605469e-01
4.151597321033477783e-01 5.848402976989746094e-01
4.473708570003509521e-01 5.526291131973266602e-01
5.984011888504028320e-01 4.015988111495971680e-01
5.041748285293579102e-01 4.958252012729644775e-01
6.359291076660156250e-01 3.640708923339843750e-01
7.588492631912231445e-01 2.411507666110992432e-01
6.311745643615722656e-01 3.688254654407501221e-01
8.019614815711975098e-01 1.980385035276412964e-01
8.639807701110839844e-01 1.360192000865936279e-01
8.427054882049560547e-01 1.572945564985275269e-01
4.655901789665222168e-01 5.344098210334777832e-01
4.073797166347503662e-01 5.926202535629272461e-01
6.845209598541259766e-01 3.154790401458740234e-01
6.345395445823669434e-01 3.654604256153106689e-01
6.505046486854553223e-01 3.494953513145446777e-01
6.988619565963745117e-01 3.011380434036254883e-01
4.892826974391937256e-01 5.107172727584838867e-01
6.892275214195251465e-01 3.107725083827972412e-01
7.169371247291564941e-01 2.830629050731658936e-01
6.067564487457275391e-01 3.932436108589172363e-01
6.279125809669494629e-01 3.720874488353729248e-01
7.496417164802551270e-01 2.503583133220672607e-01
3.880450725555419922e-01 6.119549274444580078e-01
9.142105579376220703e-01 8.578940480947494507e-02
4.821060597896575928e-01 5.178939700126647949e-01
7.491333484649658203e-01 2.508665919303894043e-01
7.634629607200622559e-01 2.365370243787765503e-01
5.063465237617492676e-01 4.936534762382507324e-01
5.756979584693908691e-01 4.243020713329315186e-01
4.441898763179779053e-01 5.558101534843444824e-01
5.086655020713806152e-01 4.913345575332641602e-01
8.444861769676208496e-01 1.555138677358627319e-01
8.421570062637329102e-01 1.578430533409118652e-01
5.608489513397216797e-01 4.391510486602783203e-01
5.424985289573669434e-01 4.575015008449554443e-01
6.329806447029113770e-01 3.670193254947662354e-01
4.474219679832458496e-01 5.525780916213989258e-01
3.606233298778533936e-01 6.393766999244689941e-01
7.719442248344421387e-01 2.280558496713638306e-01
6.394948363304138184e-01 3.605051338672637939e-01
5.263556838035583496e-01 4.736444056034088135e-01
4.805842936038970947e-01 5.194157361984252930e-01
6.213730573654174805e-01 3.786269128322601318e-01
4.146628379821777344e-01 5.853372216224670410e-01
2.145183235406875610e-01 7.854816913604736328e-01
4.418648481369018555e-01 5.581352114677429199e-01
5.706086754798889160e-01 4.293912947177886963e-01
7.611790299415588379e-01 2.388209402561187744e-01
6.470735073089599609e-01 3.529264330863952637e-01
5.391175150871276855e-01 4.608825445175170898e-01
8.096872568130493164e-01 1.903127282857894897e-01
8.813179135322570801e-01 1.186820566654205322e-01
7.044817805290222168e-01 2.955182492733001709e-01
5.935151576995849609e-01 4.064847826957702637e-01
4.287245273590087891e-01 5.712754726409912109e-01
6.480563879013061523e-01 3.519435822963714600e-01
7.291350364685058594e-01 2.708649337291717529e-01
6.772567629814147949e-01 3.227431774139404297e-01
7.717744708061218262e-01 2.282254993915557861e-01
7.729995250701904297e-01 2.270004749298095703e-01
8.402960896492004395e-01 1.597038656473159790e-01
8.262549042701721191e-01 1.737451106309890747e-01
8.199377059936523438e-01 1.800622791051864624e-01
4.969864785671234131e-01 5.030135512351989746e-01
2.374460846185684204e-01 7.625539302825927734e-01
5.775854587554931641e-01 4.224145412445068359e-01
6.295644640922546387e-01 3.704355359077453613e-01
6.903647184371948242e-01 3.096352815628051758e-01
6.555172204971313477e-01 3.444827497005462646e-01
7.362543940544128418e-01 2.637456059455871582e-01
9.006934165954589844e-01 9.930662065744400024e-02
8.234220743179321289e-01 1.765779554843902588e-01
6.154344677925109863e-01 3.845655918121337891e-01
6.793318986892700195e-01 3.206680417060852051e-01
5.401230454444885254e-01 4.598769247531890869e-01
2.919379472732543945e-01 7.080620527267456055e-01
4.298403263092041016e-01 5.701596736907958984e-01
5.354346036911010742e-01 4.645653963088989258e-01
6.532986164093017578e-01 3.467013835906982422e-01
4.507456421852111816e-01 5.492544174194335938e-01
4.693650007247924805e-01 5.306349992752075195e-01
8.895684480667114258e-01 1.104315370321273804e-01
5.032598972320556641e-01 4.967400729656219482e-01
5.032193064689636230e-01 4.967807233333587646e-01
5.895776748657226562e-01 4.104222953319549561e-01
7.752760052680969238e-01 2.247240096330642700e-01
5.656584501266479492e-01 4.343415498733520508e-01
2.979474663734436035e-01 7.020525336265563965e-01
7.347704172134399414e-01 2.652295529842376709e-01
4.897567629814147949e-01 5.102432966232299805e-01
3.960455954074859619e-01 6.039544343948364258e-01
4.578002691268920898e-01 5.421997308731079102e-01
2.918702960014343262e-01 7.081297039985656738e-01
9.069814682006835938e-01 9.301849454641342163e-02
4.499914646148681641e-01 5.500085353851318359e-01
7.103925347328186035e-01 2.896074056625366211e-01
3.961512744426727295e-01 6.038487553596496582e-01
4.841817617416381836e-01 5.158182382583618164e-01
6.315977573394775391e-01 3.684022426605224609e-01
7.870201468467712402e-01 2.129798382520675659e-01
8.186891078948974609e-01 1.813109219074249268e-01
8.479427695274353027e-01 1.520572006702423096e-01
6.069524288177490234e-01 3.930476307868957520e-01
6.192324757575988770e-01 3.807675242424011230e-01
6.487745046615600586e-01 3.512254953384399414e-01
5.625869035720825195e-01 4.374131262302398682e-01
6.971182823181152344e-01 3.028817474842071533e-01
8.762109279632568359e-01 1.237890124320983887e-01
6.941292881965637207e-01 3.058707416057586670e-01
7.028070092201232910e-01 2.971930205821990967e-01
5.179712772369384766e-01 4.820287525653839111e-01
5.449466705322265625e-01 4.550533890724182129e-01
3.666558861732482910e-01 6.333441138267517090e-01
5.616462230682373047e-01 4.383538067340850830e-01
7.662035822868347168e-01 2.337964475154876709e-01
4.364566504955291748e-01 5.635433197021484375e-01
6.266142129898071289e-01 3.733857870101928711e-01
5.129560828208923340e-01 4.870439469814300537e-01
6.917064785957336426e-01 3.082934916019439697e-01
7.598674893379211426e-01 2.401324957609176636e-01
7.868695259094238281e-01 2.131305485963821411e-01
8.320878744125366211e-01 1.679121106863021851e-01
6.776832342147827148e-01 3.223167061805725098e-01
4.518127441406250000e-01 5.481872558593750000e-01
6.555874943733215332e-01 3.444124460220336914e-01
1.947280019521713257e-01 8.052719235420227051e-01
8.437474370002746582e-01 1.562525779008865356e-01
7.173185348510742188e-01 2.826814055442810059e-01
4.331428110599517822e-01 5.668572187423706055e-01
4.026665091514587402e-01 5.973334908485412598e-01
5.751084685325622559e-01 4.248915314674377441e-01
4.960782825946807861e-01 5.039216876029968262e-01
8.905903100967407227e-01 1.094097420573234558e-01
6.284075975418090820e-01 3.715923726558685303e-01
4.684292972087860107e-01 5.315706729888916016e-01
7.517687082290649414e-01 2.482313066720962524e-01
9.394794106483459473e-01 6.052052229642868042e-02
7.212436795234680176e-01 2.787562906742095947e-01
6.184437274932861328e-01 3.815562129020690918e-01
4.726728796958923340e-01 5.273271203041076660e-01
6.938868761062622070e-01 3.061130940914154053e-01
7.158131599426269531e-01 2.841868400573730469e-01
8.761264681816101074e-01 1.238734796643257141e-01
7.546095252037048340e-01 2.453904002904891968e-01
4.801490306854248047e-01 5.198509693145751953e-01
8.707331418991088867e-01 1.292669028043746948e-01
4.843322038650512695e-01 5.156678557395935059e-01
5.865840911865234375e-01 4.134158492088317871e-01
4.940578043460845947e-01 5.059421658515930176e-01
5.375300645828247070e-01 4.624699354171752930e-01
8.793261647224426270e-01 1.206738129258155823e-01
7.551100254058837891e-01 2.448899149894714355e-01
9.213771224021911621e-01 7.862289994955062866e-02
6.622087359428405762e-01 3.377912640571594238e-01
6.471015810966491699e-01 3.528984487056732178e-01
6.535769701004028320e-01 3.464230895042419434e-01
6.084743738174438477e-01 3.915256559848785400e-01
8.139573931694030762e-01 1.860426664352416992e-01
5.750501751899719238e-01 4.249497950077056885e-01
4.962605237960815430e-01 5.037394762039184570e-01
4.096461236476898193e-01 5.903539061546325684e-01
5.365195870399475098e-01 4.634804129600524902e-01
9.522688984870910645e-01 4.773117229342460632e-02
7.244938611984252930e-01 2.755061388015747070e-01
6.700301170349121094e-01 3.299698829650878906e-01
8.793427348136901855e-01 1.206572055816650391e-01
8.905622363090515137e-01 1.094378307461738586e-01
5.267306566238403320e-01 4.732693433761596680e-01
2.802940905094146729e-01 7.197059392929077148e-01
6.940267682075500488e-01 3.059732317924499512e-01
6.018333435058593750e-01 3.981667160987854004e-01
6.727296710014343262e-01 3.272703588008880615e-01
7.882553339004516602e-01 2.117446064949035645e-01
4.365233182907104492e-01 5.634766817092895508e-01
1.280623972415924072e-01 8.719375729560852051e-01
3.547134101390838623e-01 6.452865600585937500e-01
4.640446007251739502e-01 5.359553694725036621e-01
2.554758489131927490e-01 7.445241808891296387e-01
5.414155721664428711e-01 4.585845172405242920e-01
5.487108230590820312e-01 4.512891471385955811e-01
4.393467307090759277e-01 5.606532692909240723e-01
7.801519632339477539e-01 2.198480814695358276e-01
7.064714431762695312e-01 2.935285270214080811e-01
6.763464808464050293e-01 3.236535191535949707e-01
4.933001995086669922e-01 5.066998004913330078e-01
8.677696585655212402e-01 1.322302669286727905e-01
6.996264457702636719e-01 3.003735542297363281e-01
8.877315521240234375e-01 1.122684031724929810e-01
6.944721341133117676e-01 3.055278658866882324e-01
8.389717936515808105e-01 1.610282063484191895e-01
6.280270814895629883e-01 3.719729185104370117e-01
5.807203650474548340e-01 4.192796647548675537e-01
5.703637599945068359e-01 4.296362400054931641e-01
3.833989202976226807e-01 6.166011095046997070e-01
3.773633539676666260e-01 6.226366758346557617e-01
6.310978531837463379e-01 3.689021766185760498e-01
8.533949851989746094e-01 1.466050297021865845e-01
8.113808035850524902e-01 1.886192113161087036e-01
5.572094321250915527e-01 4.427905678749084473e-01
8.354195952415466309e-01 1.645803302526473999e-01
7.487784028053283691e-01 2.512215971946716309e-01
6.195093989372253418e-01 3.804905712604522705e-01
7.657173275947570801e-01 2.342826128005981445e-01
8.136758804321289062e-01 1.863240897655487061e-01
9.154030680656433105e-01 8.459693938493728638e-02
4.488434493541717529e-01 5.511565208435058594e-01
5.868654847145080566e-01 4.131345152854919434e-01
7.786691784858703613e-01 2.213307917118072510e-01
4.294177293777465820e-01 5.705823302268981934e-01
7.609104514122009277e-01 2.390895187854766846e-01
6.518970727920532227e-01 3.481028676033020020e-01
6.089609861373901367e-01 3.910390138626098633e-01
3.582939803600311279e-01 6.417059898376464844e-01
6.127513051033020020e-01 3.872487545013427734e-01
7.390322089195251465e-01 2.609677910804748535e-01
6.876339912414550781e-01 3.123659491539001465e-01
6.219034790992736816e-01 3.780965209007263184e-01
9.172767996788024902e-01 8.272317796945571899e-02
9.706585407257080078e-01 2.934144064784049988e-02
4.386776983737945557e-01 5.613222718238830566e-01
2.968619167804718018e-01 7.031380534172058105e-01
4.186814725399017334e-01 5.813185572624206543e-01
8.838734626770019531e-01 1.161265000700950623e-01
8.422985672950744629e-01 1.577013880014419556e-01
9.180831313133239746e-01 8.191690593957901001e-02
5.550004839897155762e-01 4.449995160102844238e-01
3.721068501472473145e-01 6.278932094573974609e-01
4.925873279571533203e-01 5.074126720428466797e-01
2.025893181562423706e-01 7.974106669425964355e-01
3.889785408973693848e-01 6.110213994979858398e-01
7.506787180900573730e-01 2.493212968111038208e-01
5.930508971214294434e-01 4.069490730762481689e-01
5.987137556076049805e-01 4.012862741947174072e-01
6.679427623748779297e-01 3.320572972297668457e-01
3.516218662261962891e-01 6.483780741691589355e-01
6.189878582954406738e-01 3.810121715068817139e-01
3.721951544284820557e-01 6.278048753738403320e-01
6.841814517974853516e-01 3.158185780048370361e-01
6.685619354248046875e-01 3.314380049705505371e-01
4.981191456317901611e-01 5.018808245658874512e-01
3.647246360778808594e-01 6.352753639221191406e-01
5.412676930427551270e-01 4.587322771549224854e-01
7.126469612121582031e-01 2.873530089855194092e-01
6.943784356117248535e-01 3.056215345859527588e-01
8.171979188919067383e-01 1.828020364046096802e-01
6.285183429718017578e-01 3.714816272258758545e-01
8.682949542999267578e-01 1.317050158977508545e-01
7.511698603630065918e-01 2.488302141427993774e-01
9.063653349876403809e-01 9.363467246294021606e-02
4.299080371856689453e-01 5.700919628143310547e-01
8.361424803733825684e-01 1.638575494289398193e-01
1.837328821420669556e-01 8.162670731544494629e-01
6.177620887756347656e-01 3.822379112243652344e-01
7.188250422477722168e-01 2.811749577522277832e-01
5.848653316497802734e-01 4.151346385478973389e-01
6.041172742843627930e-01 3.958827555179595947e-01
7.138458490371704102e-01 2.861541807651519775e-01
5.923647880554199219e-01 4.076352119445800781e-01
8.035907149314880371e-01 1.964092403650283813e-01
4.305295348167419434e-01 5.694704651832580566e-01
5.249601602554321289e-01 4.750398397445678711e-01
6.636404991149902344e-01 3.363595902919769287e-01
9.030392765998840332e-01 9.696072340011596680e-02
6.430402398109436035e-01 3.569597899913787842e-01
8.728451728820800781e-01 1.271547526121139526e-01
7.956146597862243652e-01 2.043853104114532471e-01
7.899407148361206055e-01 2.100593000650405884e-01
8.435471057891845703e-01 1.564528644084930420e-01
2.660047411918640137e-01 7.339952588081359863e-01
6.323217749595642090e-01 3.676782846450805664e-01
7.463267445564270020e-01 2.536732852458953857e-01
6.495114564895629883e-01 3.504885435104370117e-01
5.956327319145202637e-01 4.043672680854797363e-01
8.994389772415161133e-01 1.005610302090644836e-01
5.022301077842712402e-01 4.977698922157287598e-01
6.763645410537719727e-01 3.236354291439056396e-01
2.701659500598907471e-01 7.298340797424316406e-01
5.034546256065368652e-01 4.965454339981079102e-01
5.846574902534484863e-01 4.153425097465515137e-01
8.321194648742675781e-01 1.678805500268936157e-01
6.902723312377929688e-01 3.097276389598846436e-01
6.374768614768981934e-01 3.625231385231018066e-01
5.342133641242980957e-01 4.657866656780242920e-01
6.039955019950866699e-01 3.960044682025909424e-01
5.751172304153442383e-01 4.248828291893005371e-01
6.849773526191711426e-01 3.150226771831512451e-01
6.893827915191650391e-01 3.106171786785125732e-01
6.085145473480224609e-01 3.914854526519775391e-01
6.541289091110229492e-01 3.458710610866546631e-01
8.848243951797485352e-01 1.151755377650260925e-01
7.158141136169433594e-01 2.841858565807342529e-01
6.807936429977416992e-01 3.192063271999359131e-01
5.475431680679321289e-01 4.524567723274230957e-01
9.711827039718627930e-01 2.881728485226631165e-02
5.797423720359802246e-01 4.202576577663421631e-01
7.962745428085327148e-01 2.037254720926284790e-01
6.973968148231506348e-01 3.026032745838165283e-01
8.660454750061035156e-01 1.339545994997024536e-01
6.019462347030639648e-01 3.980538547039031982e-01
2.296968996524810791e-01 7.703030705451965332e-01
8.755019307136535645e-01 1.244980618357658386e-01
3.254860937595367432e-01 6.745138764381408691e-01
3.210002481937408447e-01 6.789997220039367676e-01
7.329849600791931152e-01 2.670150995254516602e-01
5.993542671203613281e-01 4.006457030773162842e-01
9.331250190734863281e-01 6.687496602535247803e-02
9.165378212928771973e-01 8.346218615770339966e-02
7.579517364501953125e-01 2.420482486486434937e-01
7.876375317573547363e-01 2.123624831438064575e-01
6.828588247299194336e-01 3.171411752700805664e-01
9.521827101707458496e-01 4.781730845570564270e-02
7.312985658645629883e-01 2.687014639377593994e-01
5.815598964691162109e-01 4.184401333332061768e-01
5.803104639053344727e-01 4.196895658969879150e-01
4.411345422267913818e-01 5.588654279708862305e-01
4.867689311504364014e-01 5.132310986518859863e-01
4.832432270050048828e-01 5.167567729949951172e-01
5.122245550155639648e-01 4.877755045890808105e-01
8.605345487594604492e-01 1.394654363393783569e-01
9.216038584709167480e-01 7.839614897966384888e-02
5.297718644142150879e-01 4.702281653881072998e-01
5.050634741783142090e-01 4.949364960193634033e-01
8.147976994514465332e-01 1.852022856473922729e-01
4.706154763698577881e-01 5.293844938278198242e-01
9.608021378517150879e-01 3.919786214828491211e-02
1.826616376638412476e-01 8.173384070396423340e-01
4.476007819175720215e-01 5.523992180824279785e-01
8.832804560661315918e-01 1.167195960879325867e-01
5.642240643501281738e-01 4.357759356498718262e-01
6.082389950752258301e-01 3.917610645294189453e-01
6.468515992164611816e-01 3.531483709812164307e-01
2.742371857166290283e-01 7.257628440856933594e-01
9.081653356552124023e-01 9.183466434478759766e-02
9.360761642456054688e-01 6.392385065555572510e-02
4.974029958248138428e-01 5.025970339775085449e-01
4.726287424564361572e-01 5.273712873458862305e-01
6.274505853652954102e-01 3.725494146347045898e-01
9.298942685127258301e-01 7.010573148727416992e-02
2.277044951915740967e-01 7.722954750061035156e-01
7.253090739250183105e-01 2.746908962726593018e-01
6.934259533882141113e-01 3.065740466117858887e-01
7.113315463066101074e-01 2.886684536933898926e-01
7.388162016868591309e-01 2.611837387084960938e-01
5.379614233970642090e-01 4.620385468006134033e-01
8.618376255035400391e-01 1.381623893976211548e-01
9.226999878883361816e-01 7.729995995759963989e-02
8.460541367530822754e-01 1.539459079504013062e-01
7.181931734085083008e-01 2.818068563938140869e-01
8.801109790802001953e-01 1.198889836668968201e-01
5.931831598281860352e-01 4.068167805671691895e-01
7.245234847068786621e-01 2.754765152931213379e-01
8.141332864761352539e-01 1.858667582273483276e-01
7.310505509376525879e-01 2.689493596553802490e-01
6.952095031738281250e-01 3.047904372215270996e-01
3.200787007808685303e-01 6.799213290214538574e-01
7.812429070472717285e-01 2.187571227550506592e-01
7.329480648040771484e-01 2.670519649982452393e-01
7.249794602394104004e-01 2.750206291675567627e-01
8.611421585083007812e-01 1.388577818870544434e-01
7.986183166503906250e-01 2.013816237449645996e-01
8.364221453666687012e-01 1.635778695344924927e-01
7.354577779769897461e-01 2.645421922206878662e-01
6.789819002151489258e-01 3.210180699825286865e-01
5.112630128860473633e-01 4.887370467185974121e-01
4.863150715827941895e-01 5.136849284172058105e-01
2.949186265468597412e-01 7.050814032554626465e-01
6.585351824760437012e-01 3.414648473262786865e-01
4.524860978126525879e-01 5.475139021873474121e-01
3.696115314960479736e-01 6.303884387016296387e-01
7.258034348487854004e-01 2.741965949535369873e-01
7.395110130310058594e-01 2.604889571666717529e-01
3.204476535320281982e-01 6.795523166656494141e-01
4.972624480724334717e-01 5.027375221252441406e-01
4.802392125129699707e-01 5.197607874870300293e-01
6.886306405067443848e-01 3.113693892955780029e-01
6.128169298171997070e-01 3.871830999851226807e-01
7.185257077217102051e-01 2.814742624759674072e-01
2.049847692251205444e-01 7.950152158737182617e-01
4.116013050079345703e-01 5.883986949920654297e-01
5.904191732406616211e-01 4.095807969570159912e-01
7.785462737083435059e-01 2.214536964893341064e-01
6.135426759719848633e-01 3.864572942256927490e-01
6.162815690040588379e-01 3.837184906005859375e-01
5.055040121078491211e-01 4.944958984851837158e-01
5.543058514595031738e-01 4.456941187381744385e-01
8.488411307334899902e-01 1.511588096618652344e-01
8.834592103958129883e-01 1.165407896041870117e-01
6.450073122978210449e-01 3.549926578998565674e-01
6.892687082290649414e-01 3.107313811779022217e-01
9.345082640647888184e-01 6.549173593521118164e-02
6.499060988426208496e-01 3.500939905643463135e-01
4.149113893508911133e-01 5.850886106491088867e-01
7.401068806648254395e-01 2.598931789398193359e-01
8.964135050773620605e-01 1.035864576697349548e-01
5.148527622222900391e-01 4.851472675800323486e-01
3.325453400611877441e-01 6.674547195434570312e-01
9.201853275299072266e-01 7.981472462415695190e-02
4.977274537086486816e-01 5.022725462913513184e-01
8.087831139564514160e-01 1.912168413400650024e-01
8.889416456222534180e-01 1.110583469271659851e-01
7.353363037109375000e-01 2.646636962890625000e-01
9.093965888023376465e-01 9.060338884592056274e-02
6.383021473884582520e-01 3.616978228092193604e-01
8.549749255180358887e-01 1.450250893831253052e-01
7.328512668609619141e-01 2.671487033367156982e-01
5.115449428558349609e-01 4.884549677371978760e-01
8.882848620414733887e-01 1.117151156067848206e-01
6.370398998260498047e-01 3.629600107669830322e-01
2.852899730205535889e-01 7.147099971771240234e-01
8.904430866241455078e-01 1.095569282770156860e-01
5.081841945648193359e-01 4.918158352375030518e-01
6.376152634620666504e-01 3.623847365379333496e-01
9.536515474319458008e-01 4.634848237037658691e-02
7.310284376144409180e-01 2.689715921878814697e-01
6.608148217201232910e-01 3.391852080821990967e-01
6.921641826629638672e-01 3.078358173370361328e-01
6.639497876167297363e-01 3.360501825809478760e-01
6.150833964347839355e-01 3.849165439605712891e-01
3.819830417633056641e-01 6.180169582366943359e-01
6.813418269157409668e-01 3.186582326889038086e-01
9.325274825096130371e-01 6.747245043516159058e-02
8.387441039085388184e-01 1.612558364868164062e-01
6.866233348846435547e-01 3.133766353130340576e-01
7.432197332382202148e-01 2.567802369594573975e-01
2.562587261199951172e-01 7.437412738800048828e-01
7.064398527145385742e-01 2.935601174831390381e-01
3.711121380329132080e-01 6.288878321647644043e-01
7.732449173927307129e-01 2.267550826072692871e-01
7.131530046463012695e-01 2.868469655513763428e-01
5.946485400199890137e-01 4.053514897823333740e-01
7.798811197280883789e-01 2.201188504695892334e-01
8.517717719078063965e-01 1.482281833887100220e-01
6.198953986167907715e-01 3.801046013832092285e-01
4.511421322822570801e-01 5.488578677177429199e-01
4.890907704830169678e-01 5.109091997146606445e-01
9.343125820159912109e-01 6.568737328052520752e-02
5.452687740325927734e-01 4.547311961650848389e-01
5.052462220191955566e-01 4.947538077831268311e-01
8.183968067169189453e-01 1.816031783819198608e-01
6.653512716293334961e-01 3.346486687660217285e-01
4.047500789165496826e-01 5.952499508857727051e-01
5.526362061500549316e-01 4.473637938499450684e-01
3.249116539955139160e-01 6.750882863998413086e-01
4.964352250099182129e-01 5.035647153854370117e-01
6.302334666252136230e-01 3.697665035724639893e-01
7.015497088432312012e-01 2.984502911567687988e-01
6.904566287994384766e-01 3.095434010028839111e-01
4.045801460742950439e-01 5.954199433326721191e-01
4.094677269458770752e-01 5.905323028564453125e-01
6.173152923583984375e-01 3.826847076416015625e-01
6.452774405479431152e-01 3.547225892543792725e-01
8.063848614692687988e-01 1.936151534318923950e-01
5.992312431335449219e-01 4.007687568664550781e-01
8.961532115936279297e-01 1.038467362523078918e-01
6.190108060836791992e-01 3.809891343116760254e-01
2.765871286392211914e-01 7.234128713607788086e-01
7.982339859008789062e-01 2.017660439014434814e-01
6.116203069686889648e-01 3.883796930313110352e-01
3.416969776153564453e-01 6.583030223846435547e-01
6.237504482269287109e-01 3.762495219707489014e-01
7.540872693061828613e-01 2.459127008914947510e-01
6.549801230430603027e-01 3.450199365615844727e-01
3.635890781879425049e-01 6.364108920097351074e-01
5.491151213645935059e-01 4.508848190307617188e-01
7.798612713813781738e-01 2.201387435197830200e-01
9.607541561126708984e-01 3.924580290913581848e-02
3.504834473133087158e-01 6.495165824890136719e-01
1.568247824907302856e-01 8.431752324104309082e-01
3.383933007717132568e-01 6.616067290306091309e-01
3.911216259002685547e-01 6.088783740997314453e-01
4.762493073940277100e-01 5.237506031990051270e-01
4.347259998321533203e-01 5.652740597724914551e-01
2.853575348854064941e-01 7.146425247192382812e-01
2.009300291538238525e-01 7.990700006484985352e-01
7.288083434104919434e-01 2.711916565895080566e-01
5.361980199813842773e-01 4.638019800186157227e-01
7.186689376831054688e-01 2.813310325145721436e-01
2.403534054756164551e-01 7.596465945243835449e-01
6.381889581680297852e-01 3.618111312389373779e-01
5.388554930686950684e-01 4.611444473266601562e-01
5.202377438545227051e-01 4.797622263431549072e-01
3.876699507236480713e-01 6.123300194740295410e-01
3.442648351192474365e-01 6.557351946830749512e-01
8.147100210189819336e-01 1.852899789810180664e-01
4.153076708316802979e-01 5.846922397613525391e-01
8.241013288497924805e-01 1.758987456560134888e-01
5.441644191741943359e-01 4.558355808258056641e-01
5.999615788459777832e-01 4.000383317470550537e-01
8.516071438789367676e-01 1.483928114175796509e-01
2.858655154705047607e-01 7.141345143318176270e-01
6.419521570205688477e-01 3.580479323863983154e-01
8.817170262336730957e-01 1.182829588651657104e-01
6.654640436172485352e-01 3.345359265804290771e-01
3.356353640556335449e-01 6.643646359443664551e-01
4.231254458427429199e-01 5.768745541572570801e-01
3.046816587448120117e-01 6.953183412551879883e-01
3.673638403415679932e-01 6.326361298561096191e-01
7.922198176383972168e-01 2.077801972627639771e-01
4.897514581680297852e-01 5.102485418319702148e-01
7.363825440406799316e-01 2.636174261569976807e-01
8.505247831344604492e-01 1.494752019643783569e-01
5.239487886428833008e-01 4.760512113571166992e-01
3.787165582180023193e-01 6.212834119796752930e-01
3.118983805179595947e-01 6.881016492843627930e-01
8.853901624679565430e-01 1.146097928285598755e-01
8.287521004676818848e-01 1.712478995323181152e-01
5.511979460716247559e-01 4.488020241260528564e-01
3.186096847057342529e-01 6.813902854919433594e-01
1.900084465742111206e-01 8.099915385246276855e-01
4.409118294715881348e-01 5.590881705284118652e-01
8.105551004409790039e-01 1.894449591636657715e-01
6.425372362136840820e-01 3.574627041816711426e-01
6.169294118881225586e-01 3.830706179141998291e-01
5.434783101081848145e-01 4.565217792987823486e-01
8.030356764793395996e-01 1.969643384218215942e-01
9.093927741050720215e-01 9.060724824666976929e-02
6.555587053298950195e-01 3.444413244724273682e-01
2.601181864738464355e-01 7.398818731307983398e-01
8.045729398727416992e-01 1.954270601272583008e-01
5.712651014328002930e-01 4.287348091602325439e-01
8.543218970298767090e-01 1.456781178712844849e-01
5.069102644920349121e-01 4.930897057056427002e-01
5.884994864463806152e-01 4.115005433559417725e-01
5.234640240669250488e-01 4.765359759330749512e-01
8.576029539108276367e-01 1.423970907926559448e-01
5.628221631050109863e-01 4.371778666973114014e-01
4.790058732032775879e-01 5.209941267967224121e-01
7.010146975517272949e-01 2.989853620529174805e-01
5.037508606910705566e-01 4.962491691112518311e-01
3.721696734428405762e-01 6.278303265571594238e-01
7.322970628738403320e-01 2.677029371261596680e-01
5.084433555603027344e-01 4.915566444396972656e-01
2.677752077579498291e-01 7.322247624397277832e-01
8.060611486434936523e-01 1.939388811588287354e-01
7.855916619300842285e-01 2.144083678722381592e-01
2.941365838050842285e-01 7.058634161949157715e-01
3.036369085311889648e-01 6.963630914688110352e-01
6.753774881362915039e-01 3.246225118637084961e-01
4.732432067394256592e-01 5.267567634582519531e-01
4.073214828968048096e-01 5.926784873008728027e-01
5.415554046630859375e-01 4.584445655345916748e-01
3.146344423294067383e-01 6.853654980659484863e-01
5.024344921112060547e-01 4.975654482841491699e-01
3.389177918434143066e-01 6.610822081565856934e-01
7.484238743782043457e-01 2.515761554241180420e-01
5.237051844596862793e-01 4.762947857379913330e-01
9.482169747352600098e-01 5.178303271532058716e-02
7.049831748008728027e-01 2.950168251991271973e-01
5.383857488632202148e-01 4.616142511367797852e-01
6.942484378814697266e-01 3.057515323162078857e-01
5.431249141693115234e-01 4.568750560283660889e-01
3.082129061222076416e-01 6.917870640754699707e-01
3.925159573554992676e-01 6.074840426445007324e-01
5.341811180114746094e-01 4.658188819885253906e-01
6.421921253204345703e-01 3.578078448772430420e-01
6.324047446250915527e-01 3.675952553749084473e-01
7.291359901428222656e-01 2.708640396595001221e-01
4.523609578609466553e-01 5.476390719413757324e-01
5.057822465896606445e-01 4.942178130149841309e-01
3.449669480323791504e-01 6.550330519676208496e-01
6.570564508438110352e-01 3.429435193538665771e-01
7.337039709091186523e-01 2.662960290908813477e-01
4.992906749248504639e-01 5.007092952728271484e-01
8.393673300743103027e-01 1.606326550245285034e-01
4.959933161735534668e-01 5.040066242218017578e-01
6.851149201393127441e-01 3.148851096630096436e-01
2.756813764572143555e-01 7.243185639381408691e-01
7.486204504966735840e-01 2.513795793056488037e-01
6.263988614082336426e-01 3.736011385917663574e-01
6.766641139984130859e-01 3.233358561992645264e-01
6.133371591567993164e-01 3.866628408432006836e-01
3.374496102333068848e-01 6.625504493713378906e-01
4.896275103092193604e-01 5.103724598884582520e-01
5.811083912849426270e-01 4.188915491104125977e-01
2.179684489965438843e-01 7.820315957069396973e-01
7.574737071990966797e-01 2.425262629985809326e-01
7.326425313949584961e-01 2.673574984073638916e-01
4.724771380424499512e-01 5.275228619575500488e-01
4.571057558059692383e-01 5.428942441940307617e-01
5.882651209831237793e-01 4.117348194122314453e-01
9.469704627990722656e-01 5.302958562970161438e-02
4.084421694278717041e-01 5.915578007698059082e-01
6.469074487686157227e-01 3.530925512313842773e-01
3.564143478870391846e-01 6.435856223106384277e-01
8.140398859977722168e-01 1.859601140022277832e-01
4.569355249404907227e-01 5.430645346641540527e-01
6.206639409065246582e-01 3.793361485004425049e-01
6.517732143402099609e-01 3.482268154621124268e-01
2.960677742958068848e-01 7.039322257041931152e-01
8.720561265945434570e-01 1.279438883066177368e-01
6.277991533279418945e-01 3.722008764743804932e-01
8.348546028137207031e-01 1.651453971862792969e-01
5.243352651596069336e-01 4.756647944450378418e-01
6.127753853797912598e-01 3.872245848178863525e-01
7.776044607162475586e-01 2.223955392837524414e-01
3.547489345073699951e-01 6.452510952949523926e-01
3.823421895503997803e-01 6.176578402519226074e-01
9.314594268798828125e-01 6.854059547185897827e-02
4.735647737979888916e-01 5.264352560043334961e-01
7.304837107658386230e-01 2.695163190364837646e-01
6.198285222053527832e-01 3.801715075969696045e-01
7.206783294677734375e-01 2.793217003345489502e-01
4.745616316795349121e-01 5.254383683204650879e-01
5.120955109596252441e-01 4.879044592380523682e-01
2.592473924160003662e-01 7.407526373863220215e-01
7.268673777580261230e-01 2.731325924396514893e-01
7.788565754890441895e-01 2.211434394121170044e-01
3.684474825859069824e-01 6.315525174140930176e-01
5.412695407867431641e-01 4.587304294109344482e-01
5.703565478324890137e-01 4.296434819698333740e-01
7.439489364624023438e-01 2.560511231422424316e-01
8.086694478988647461e-01 1.913305670022964478e-01
3.337270915508270264e-01 6.662729382514953613e-01
4.726522266864776611e-01 5.273478031158447266e-01
3.441907167434692383e-01 6.558093428611755371e-01
4.990872144699096680e-01 5.009127259254455566e-01
3.812079429626464844e-01 6.187920570373535156e-01
6.869067549705505371e-01 3.130932748317718506e-01
4.131655395030975342e-01 5.868344902992248535e-01
2.877955734729766846e-01 7.122045159339904785e-01
5.323131084442138672e-01 4.676868617534637451e-01
7.116503119468688965e-01 2.883496582508087158e-01
3.337656557559967041e-01 6.662343740463256836e-01
3.985550999641418457e-01 6.014449000358581543e-01
4.593899548053741455e-01 5.406100749969482422e-01
9.372242689132690430e-01 6.277572363615036011e-02
4.425202310085296631e-01 5.574797987937927246e-01
7.525274157524108887e-01 2.474726140499114990e-01
5.626690387725830078e-01 4.373309612274169922e-01
4.190597534179687500e-01 5.809403061866760254e-01
6.398165822029113770e-01 3.601834475994110107e-01
5.736746191978454590e-01 4.263254106044769287e-01
8.288007974624633789e-01 1.711991280317306519e-01
6.749907732009887695e-01 3.250092267990112305e-01
4.250780940055847168e-01 5.749219655990600586e-01
4.795877933502197266e-01 5.204122066497802734e-01
4.661638736724853516e-01 5.338361263275146484e-01
5.519760847091674805e-01 4.480238854885101318e-01
5.841550230979919434e-01 4.158449769020080566e-01
7.571886777877807617e-01 2.428112924098968506e-01
4.794652163982391357e-01 5.205347537994384766e-01
7.627254724502563477e-01 2.372745573520660400e-01
5.134605169296264648e-01 4.865395128726959229e-01
4.140346050262451172e-01 5.859653949737548828e-01
7.466431260108947754e-01 2.533568441867828369e-01
3.766178488731384277e-01 6.233821511268615723e-01
7.109699845314025879e-01 2.890300154685974121e-01
8.110574483871459961e-01 1.889425814151763916e-01
4.912288486957550049e-01 5.087711215019226074e-01
7.631871104240417480e-01 2.368128150701522827e-01
7.248145341873168945e-01 2.751853764057159424e-01
5.695652365684509277e-01 4.304347336292266846e-01
9.188809990882873535e-01 8.111895620822906494e-02
4.411904513835906982e-01 5.588095188140869141e-01
6.402263641357421875e-01 3.597736060619354248e-01
8.154630661010742188e-01 1.845369040966033936e-01
2.506003379821777344e-01 7.493997216224670410e-01
5.707084536552429199e-01 4.292916059494018555e-01
3.682700991630554199e-01 6.317299008369445801e-01
7.291203141212463379e-01 2.708797156810760498e-01
4.736597836017608643e-01 5.263401865959167480e-01
4.041957855224609375e-01 5.958042740821838379e-01
5.219295024871826172e-01 4.780704975128173828e-01
5.850242972373962402e-01 4.149756729602813721e-01
7.163344025611877441e-01 2.836656570434570312e-01
6.431825160980224609e-01 3.568173944950103760e-01
2.337650060653686523e-01 7.662349939346313477e-01
7.182973623275756836e-01 2.817026078701019287e-01
8.312972187995910645e-01 1.687027215957641602e-01
6.658897995948791504e-01 3.341102302074432373e-01
7.296548485755920410e-01 2.703451514244079590e-01
7.126761078834533691e-01 2.873239815235137939e-01
7.522169947624206543e-01 2.477830648422241211e-01
1.047106161713600159e-01 8.952893614768981934e-01
6.570994853973388672e-01 3.429005742073059082e-01
7.565970420837402344e-01 2.434029728174209595e-01
3.461045324802398682e-01 6.538954973220825195e-01
2.629701197147369385e-01 7.370298504829406738e-01
7.008413076400756836e-01 2.991586625576019287e-01
3.674798607826232910e-01 6.325200796127319336e-01
3.034607470035552979e-01 6.965392231941223145e-01
6.300823688507080078e-01 3.699176311492919922e-01
4.862966537475585938e-01 5.137033462524414062e-01
5.606532096862792969e-01 4.393467605113983154e-01
9.129027128219604492e-01 8.709727972745895386e-02
6.515030860900878906e-01 3.484969437122344971e-01
6.476509571075439453e-01 3.523490130901336670e-01
2.473828941583633423e-01 7.526170611381530762e-01
7.293954491615295410e-01 2.706045508384704590e-01
7.886356711387634277e-01 2.113643139600753784e-01
3.375037312507629395e-01 6.624962687492370605e-01
3.552747964859008789e-01 6.447252631187438965e-01
8.619050383567810059e-01 1.380950063467025757e-01
4.958707392215728760e-01 5.041292309761047363e-01
7.038940191268920898e-01 2.961059510707855225e-01
2.016565203666687012e-01 7.983434200286865234e-01
5.789877176284790039e-01 4.210122823715209961e-01
5.114952325820922852e-01 4.885047376155853271e-01
6.494921445846557617e-01 3.505078554153442383e-01
5.826683044433593750e-01 4.173316955566406250e-01
7.034228444099426270e-01 2.965771555900573730e-01
6.295336484909057617e-01 3.704663813114166260e-01
6.767010092735290527e-01 3.232989609241485596e-01
9.114294648170471191e-01 8.857056498527526855e-02
5.158710479736328125e-01 4.841289222240447998e-01
6.588209271430969238e-01 3.411790728569030762e-01
7.066009044647216797e-01 2.933990061283111572e-01
5.152938961982727051e-01 4.847061336040496826e-01
3.891676962375640869e-01 6.108322739601135254e-01
3.595881760120391846e-01 6.404117941856384277e-01
7.135587334632873535e-01 2.864412963390350342e-01
9.157881140708923340e-01 8.421185612678527832e-02
6.693784594535827637e-01 3.306215703487396240e-01
3.382753729820251465e-01 6.617246270179748535e-01
9.340935945510864258e-01 6.590634584426879883e-02
9.508825540542602539e-01 4.911749437451362610e-02
7.431166172027587891e-01 2.568834424018859863e-01
1.948909759521484375e-01 8.051090240478515625e-01
6.346459388732910156e-01 3.653540909290313721e-01
3.809905052185058594e-01 6.190094947814941406e-01
1.566102504730224609e-01 8.433898091316223145e-01
3.593675792217254639e-01 6.406323909759521484e-01
7.401778101921081543e-01 2.598221898078918457e-01
5.080764293670654297e-01 4.919235706329345703e-01
8.438555002212524414e-01 1.561445295810699463e-01
3.908059000968933105e-01 6.091940999031066895e-01
6.777278184890747070e-01 3.222721815109252930e-01
7.332144379615783691e-01 2.667856216430664062e-01
5.891264677047729492e-01 4.108735918998718262e-01
7.419078946113586426e-01 2.580921053886413574e-01
8.818080425262451172e-01 1.181920170783996582e-01
9.106524586677551270e-01 8.934749662876129150e-02
5.718374848365783691e-01 4.281625151634216309e-01
7.808750271797180176e-01 2.191249877214431763e-01
8.207828402519226074e-01 1.792171597480773926e-01
6.574599742889404297e-01 3.425400853157043457e-01
3.639696836471557617e-01 6.360303163528442383e-01
6.857884526252746582e-01 3.142115473747253418e-01
5.176136493682861328e-01 4.823863208293914795e-01
8.063461184501647949e-01 1.936538666486740112e-01
6.318609118461608887e-01 3.681391179561614990e-01
3.478454351425170898e-01 6.521545648574829102e-01
7.027942538261413574e-01 2.972057461738586426e-01
4.210316538810729980e-01 5.789684057235717773e-01
2.145739942789077759e-01 7.854260206222534180e-01
6.758521795272827148e-01 3.241478204727172852e-01
4.211214780807495117e-01 5.788785219192504883e-01
5.785242319107055664e-01 4.214757978916168213e-01
5.209922790527343750e-01 4.790076911449432373e-01
2.601030170917510986e-01 7.398968935012817383e-01
7.906292676925659180e-01 2.093707323074340820e-01
5.655564665794372559e-01 4.344436228275299072e-01
6.764095425605773926e-01 3.235903978347778320e-01
5.084148049354553223e-01 4.915851652622222900e-01
3.540190756320953369e-01 6.459808349609375000e-01
6.066704392433166504e-01 3.933295309543609619e-01
6.000111699104309082e-01 3.999888300895690918e-01
4.867750704288482666e-01 5.132248997688293457e-01
8.490059375762939453e-01 1.509940922260284424e-01
6.849315166473388672e-01 3.150685131549835205e-01
8.392077088356018066e-01 1.607922613620758057e-01
6.016744971275329590e-01 3.983254730701446533e-01
4.787717461585998535e-01 5.212282538414001465e-01
4.722899794578552246e-01 5.277100205421447754e-01
4.761275649070739746e-01 5.238724350929260254e-01
7.300712466239929199e-01 2.699287235736846924e-01
6.985793709754943848e-01 3.014206290245056152e-01
8.141155242919921875e-01 1.858844757080078125e-01
5.351181030273437500e-01 4.648818969726562500e-01
4.771148860454559326e-01 5.228851437568664551e-01
6.746720075607299805e-01 3.253279924392700195e-01
2.972045540809631348e-01 7.027954459190368652e-01
5.316847562789916992e-01 4.683153331279754639e-01
5.523657798767089844e-01 4.476342797279357910e-01
5.346497893333435059e-01 4.653501510620117188e-01
1.797369420528411865e-01 8.202630281448364258e-01
7.512452006340026855e-01 2.487547844648361206e-01
6.298444867134094238e-01 3.701554834842681885e-01
5.341465473175048828e-01 4.658533930778503418e-01
7.524482607841491699e-01 2.475517541170120239e-01
3.161697089672088623e-01 6.838303208351135254e-01
6.458168625831604004e-01 3.541831970214843750e-01
1.913860887289047241e-01 8.086139559745788574e-01
5.186908245086669922e-01 4.813092052936553955e-01
3.245933353900909424e-01 6.754066348075866699e-01
8.638559579849243164e-01 1.361440271139144897e-01
7.105388045310974121e-01 2.894612848758697510e-01
8.129384517669677734e-01 1.870614886283874512e-01
4.259409308433532715e-01 5.740590691566467285e-01
7.104792594909667969e-01 2.895207405090332031e-01
7.650858759880065918e-01 2.349141389131546021e-01
5.706402063369750977e-01 4.293597936630249023e-01
5.743558406829833984e-01 4.256441891193389893e-01
5.101082324981689453e-01 4.898917675018310547e-01
7.574202418327331543e-01 2.425797283649444580e-01
5.642157793045043945e-01 4.357841610908508301e-01
2.391821295022964478e-01 7.608178257942199707e-01
5.185991525650024414e-01 4.814007878303527832e-01
5.794138908386230469e-01 4.205860793590545654e-01
5.949719548225402832e-01 4.050280451774597168e-01
9.481448531150817871e-01 5.185521021485328674e-02
8.845203518867492676e-01 1.154796555638313293e-01
7.219710350036621094e-01 2.780289947986602783e-01
4.784935414791107178e-01 5.215064883232116699e-01
6.986169815063476562e-01 3.013829588890075684e-01
3.921720981597900391e-01 6.078279018402099609e-01
6.427429318428039551e-01 3.572570979595184326e-01
7.064610719680786133e-01 2.935389280319213867e-01
4.789538681507110596e-01 5.210461020469665527e-01
7.050012946128845215e-01 2.949987351894378662e-01
6.238266229629516602e-01 3.761733472347259521e-01
6.935728788375854492e-01 3.064271211624145508e-01
5.019544363021850586e-01 4.980455636978149414e-01
4.903349578380584717e-01 5.096650719642639160e-01
6.407513022422790527e-01 3.592486679553985596e-01
3.345905840396881104e-01 6.654093861579895020e-01
8.388887643814086914e-01 1.611112505197525024e-01
7.960860729217529297e-01 2.039139419794082642e-01
9.132787585258483887e-01 8.672118186950683594e-02
9.608460664749145508e-01 3.915388882160186768e-02
6.133636832237243652e-01 3.866363465785980225e-01
5.254669785499572754e-01 4.745330810546875000e-01
7.290931344032287598e-01 2.709068953990936279e-01
8.037300109863281250e-01 1.962700039148330688e-01
9.548087716102600098e-01 4.519125446677207947e-02
7.781187295913696289e-01 2.218812257051467896e-01
5.086198449134826660e-01 4.913800954818725586e-01
4.092853665351867676e-01 5.907146930694580078e-01
8.207948803901672363e-01 1.792051047086715698e-01
2.169743925333023071e-01 7.830256223678588867e-01
5.518105030059814453e-01 4.481894671916961670e-01
5.617578625679016113e-01 4.382421076297760010e-01
1.573176831007003784e-01 8.426823616027832031e-01
6.464914679527282715e-01 3.535085916519165039e-01
8.004913926124572754e-01 1.995085477828979492e-01
6.534263491630554199e-01 3.465736508369445801e-01
2.517616152763366699e-01 7.482383847236633301e-01
4.959560930728912354e-01 5.040439367294311523e-01
5.471348762512207031e-01 4.528651833534240723e-01
7.586176991462707520e-01 2.413822859525680542e-01
4.407109618186950684e-01 5.592890381813049316e-01
3.277703225612640381e-01 6.722296476364135742e-01
6.707838177680969238e-01 3.292161524295806885e-01
9.283387064933776855e-01 7.166130095720291138e-02
5.683335065841674805e-01 4.316665530204772949e-01
4.801152348518371582e-01 5.198847651481628418e-01
4.853222966194152832e-01 5.146777629852294922e-01
3.598631024360656738e-01 6.401368379592895508e-01
3.419764935970306396e-01 6.580234766006469727e-01
8.757694959640502930e-01 1.242305189371109009e-01
4.439414143562316895e-01 5.560585260391235352e-01
6.047532558441162109e-01 3.952467441558837891e-01
8.456551432609558105e-01 1.543449163436889648e-01
4.866891205310821533e-01 5.133109092712402344e-01
9.602088332176208496e-01 3.979118913412094116e-02
7.191939949989318848e-01 2.808060944080352783e-01
9.124783873558044434e-01 8.752167969942092896e-02
5.234536528587341309e-01 4.765462577342987061e-01
9.032188653945922852e-01 9.678112715482711792e-02
5.906169414520263672e-01 4.093830585479736328e-01
8.815949559211730957e-01 1.184050291776657104e-01
7.377318143844604492e-01 2.622682154178619385e-01
7.850454449653625488e-01 2.149544805288314819e-01
8.959813117980957031e-01 1.040186956524848938e-01
3.833082616329193115e-01 6.166917681694030762e-01
7.757940292358398438e-01 2.242059409618377686e-01
4.795505404472351074e-01 5.204494595527648926e-01
6.302523016929626465e-01 3.697476685047149658e-01
7.278527617454528809e-01 2.721472680568695068e-01
6.093305349349975586e-01 3.906694352626800537e-01
3.810167312622070312e-01 6.189832091331481934e-01
4.485302865505218506e-01 5.514696836471557617e-01
4.081830084323883057e-01 5.918169617652893066e-01
7.676138281822204590e-01 2.323862016201019287e-01
3.417055904865264893e-01 6.582943201065063477e-01
1.839953511953353882e-01 8.160046935081481934e-01
6.987935304641723633e-01 3.012065291404724121e-01
4.449895024299621582e-01 5.550104975700378418e-01
6.935855746269226074e-01 3.064144551753997803e-01
9.212024807929992676e-01 7.879751920700073242e-02
8.887106180191040039e-01 1.112894043326377869e-01
7.552716135978698730e-01 2.447283565998077393e-01
3.831103444099426270e-01 6.168896555900573730e-01
8.301670551300048828e-01 1.698329299688339233e-01
5.245733261108398438e-01 4.754266738891601562e-01
9.389904141426086426e-01 6.100957468152046204e-02
8.022660613059997559e-01 1.977339535951614380e-01
4.221496880054473877e-01 5.778503417968750000e-01
8.854309320449829102e-01 1.145690903067588806e-01
7.993387579917907715e-01 2.006611824035644531e-01
9.126811027526855469e-01 8.731891959905624390e-02
8.108812570571899414e-01 1.891187578439712524e-01
6.363314986228942871e-01 3.636685013771057129e-01
7.673743963241577148e-01 2.326255440711975098e-01
7.914508581161499023e-01 2.085491269826889038e-01
7.015702724456787109e-01 2.984296977519989014e-01
9.762208461761474609e-01 2.377915382385253906e-02
6.541460156440734863e-01 3.458540141582489014e-01
5.867670178413391113e-01 4.132329225540161133e-01
7.373877167701721191e-01 2.626123428344726562e-01
8.570706248283386230e-01 1.429293453693389893e-01
7.258760333061218262e-01 2.741239666938781738e-01
4.689050912857055664e-01 5.310949087142944336e-01
8.981147408485412598e-01 1.018852442502975464e-01
8.558671474456787109e-01 1.441328525543212891e-01
8.097831010818481445e-01 1.902168393135070801e-01
8.654193282127380371e-01 1.345806419849395752e-01
8.368366360664367676e-01 1.631633639335632324e-01
6.071425676345825195e-01 3.928575217723846436e-01
8.002733588218688965e-01 1.997265666723251343e-01
3.472498953342437744e-01 6.527501344680786133e-01
7.411103844642639160e-01 2.588896155357360840e-01
9.498392343521118164e-01 5.016077309846878052e-02
7.030581235885620117e-01 2.969418764114379883e-01
6.057745814323425293e-01 3.942253589630126953e-01
6.591393351554870605e-01 3.408606648445129395e-01
6.097866296768188477e-01 3.902133405208587646e-01
8.924624323844909668e-01 1.075374931097030640e-01
5.285564064979553223e-01 4.714435636997222900e-01
5.844282507896423340e-01 4.155717194080352783e-01
8.760120272636413574e-01 1.239880025386810303e-01
3.225651383399963379e-01 6.774349212646484375e-01
4.461050629615783691e-01 5.538949370384216309e-01
5.130053162574768066e-01 4.869945943355560303e-01
7.897354364395141602e-01 2.102644890546798706e-01
9.343494176864624023e-01 6.565053761005401611e-02
6.557438373565673828e-01 3.442561626434326172e-01
8.985083699226379395e-01 1.014916598796844482e-01
8.004151582717895508e-01 1.995848119258880615e-01
4.702702462673187256e-01 5.297297835350036621e-01
4.315382242202758789e-01 5.684618353843688965e-01
7.091676592826843262e-01 2.908323705196380615e-01
8.424390554428100586e-01 1.575609594583511353e-01
7.504936456680297852e-01 2.495063841342926025e-01
8.045272827148437500e-01 1.954726725816726685e-01
6.809611320495605469e-01 3.190388381481170654e-01
7.360355854034423828e-01 2.639643847942352295e-01
5.809239745140075684e-01 4.190761148929595947e-01
7.178143858909606934e-01 2.821855843067169189e-01
7.856262922286987305e-01 2.143736630678176880e-01
9.714146852493286133e-01 2.858526818454265594e-02
5.890979766845703125e-01 4.109020233154296875e-01
7.285673618316650391e-01 2.714326083660125732e-01
8.280816674232482910e-01 1.719183176755905151e-01
9.850526452064514160e-01 1.494730915874242783e-02
5.269141793251037598e-01 4.730858206748962402e-01
4.098106026649475098e-01 5.901893973350524902e-01
7.219106554985046387e-01 2.780893743038177490e-01
8.174187541007995605e-01 1.825811862945556641e-01
9.195837974548339844e-01 8.041615784168243408e-02
8.187009692192077637e-01 1.812990605831146240e-01
5.495986938476562500e-01 4.504012763500213623e-01
8.076385259628295898e-01 1.923614442348480225e-01
6.375615000724792480e-01 3.624385297298431396e-01
7.930929660797119141e-01 2.069070339202880859e-01
6.613526940345764160e-01 3.386473655700683594e-01
5.388432741165161133e-01 4.611566662788391113e-01
6.450084447860717773e-01 3.549915552139282227e-01
4.619405865669250488e-01 5.380594134330749512e-01
5.668841600418090820e-01 4.331157803535461426e-01
4.048099815845489502e-01 5.951899886131286621e-01
8.236986398696899414e-01 1.763014048337936401e-01
6.663879156112670898e-01 3.336120545864105225e-01
5.936678051948547363e-01 4.063322246074676514e-01
8.636170625686645508e-01 1.363829225301742554e-01
9.625036120414733887e-01 3.749631717801094055e-02
4.041574895381927490e-01 5.958424806594848633e-01
6.740851998329162598e-01 3.259148001670837402e-01
8.539470434188842773e-01 1.460529565811157227e-01
5.092058777809143066e-01 4.907940626144409180e-01
3.734886348247528076e-01 6.265113353729248047e-01
3.515733480453491211e-01 6.484266519546508789e-01
3.728853464126586914e-01 6.271146535873413086e-01
8.262656331062316895e-01 1.737343817949295044e-01
6.731876134872436523e-01 3.268124759197235107e-01
2.903375327587127686e-01 7.096624970436096191e-01
7.979245781898498535e-01 2.020754218101501465e-01
7.886034846305847168e-01 2.113965004682540894e-01
7.386651635169982910e-01 2.613348364830017090e-01
2.095904946327209473e-01 7.904095053672790527e-01
3.913578689098358154e-01 6.086421608924865723e-01
8.733983039855957031e-01 1.266017705202102661e-01
4.559803605079650879e-01 5.440195798873901367e-01
4.011280834674835205e-01 5.988718867301940918e-01
7.509598731994628906e-01 2.490401417016983032e-01
9.063435196876525879e-01 9.365648776292800903e-02
4.811194837093353271e-01 5.188804864883422852e-01
6.863792538642883301e-01 3.136207759380340576e-01
6.588461995124816895e-01 3.411537110805511475e-01
4.101028144359588623e-01 5.898971557617187500e-01
5.389599204063415527e-01 4.610401093959808350e-01
7.029978036880493164e-01 2.970021665096282959e-01
4.129688739776611328e-01 5.870310664176940918e-01
6.216133236885070801e-01 3.783866465091705322e-01
5.080958604812622070e-01 4.919041097164154053e-01
7.267677783966064453e-01 2.732322812080383301e-01
9.385553598403930664e-01 6.144466251134872437e-02
5.997509360313415527e-01 4.002490341663360596e-01
6.313537359237670898e-01 3.686462938785552979e-01
3.172589540481567383e-01 6.827410459518432617e-01
4.470536708831787109e-01 5.529463887214660645e-01
4.854327440261840820e-01 5.145672559738159180e-01
2.934635877609252930e-01 7.065364122390747070e-01
7.878380417823791504e-01 2.121619135141372681e-01
5.289665460586547852e-01 4.710334539413452148e-01
6.480223536491394043e-01 3.519776463508605957e-01
7.126856446266174316e-01 2.873143553733825684e-01
6.985290050506591797e-01 3.014710843563079834e-01
5.282575488090515137e-01 4.717424511909484863e-01
7.178243994712829590e-01 2.821755409240722656e-01
6.463168263435363770e-01 3.536832034587860107e-01
3.985151052474975586e-01 6.014848947525024414e-01
5.419116020202636719e-01 4.580884873867034912e-01
3.252593874931335449e-01 6.747406125068664551e-01
5.915851593017578125e-01 4.084147810935974121e-01
3.976752758026123047e-01 6.023247241973876953e-01
6.299528479576110840e-01 3.700471520423889160e-01
5.103073120117187500e-01 4.896926581859588623e-01
7.642889022827148438e-01 2.357111275196075439e-01
5.796704888343811035e-01 4.203295409679412842e-01
7.730128169059753418e-01 2.269871681928634644e-01
7.164638042449951172e-01 2.835362255573272705e-01
7.423691153526306152e-01 2.576308548450469971e-01
3.433658182621002197e-01 6.566341519355773926e-01
8.677651286125183105e-01 1.322349309921264648e-01
3.846490085124969482e-01 6.153510212898254395e-01
3.026323616504669189e-01 6.973676681518554688e-01
7.575086355209350586e-01 2.424914389848709106e-01
2.021695077419281006e-01 7.978304624557495117e-01
4.126929044723510742e-01 5.873070955276489258e-01
7.644654512405395508e-01 2.355345785617828369e-01
6.422770023345947266e-01 3.577229976654052734e-01
9.335606098175048828e-01 6.643931567668914795e-02
3.087134063243865967e-01 6.912866234779357910e-01
6.353746652603149414e-01 3.646252751350402832e-01
8.314015269279479980e-01 1.685984581708908081e-01
4.157868027687072754e-01 5.842131972312927246e-01
9.407911896705627441e-01 5.920879915356636047e-02
4.791854918003082275e-01 5.208145380020141602e-01
6.723099946975708008e-01 3.276900649070739746e-01
4.216922819614410400e-01 5.783077478408813477e-01
6.238601803779602051e-01 3.761398196220397949e-01
5.775485634803771973e-01 4.224514067173004150e-01
5.631048679351806641e-01 4.368950724601745605e-01
2.982283234596252441e-01 7.017716765403747559e-01
6.928749680519104004e-01 3.071250319480895996e-01
5.633079409599304199e-01 4.366920292377471924e-01
6.393748521804809570e-01 3.606252074241638184e-01
4.159841239452362061e-01 5.840159058570861816e-01
5.177708268165588379e-01 4.822292029857635498e-01
4.737199246883392334e-01 5.262800455093383789e-01
5.101186633110046387e-01 4.898813068866729736e-01
4.673704206943511963e-01 5.326295495033264160e-01
5.532863140106201172e-01 4.467136859893798828e-01
8.304625153541564941e-01 1.695374548435211182e-01
2.927717268466949463e-01 7.072283029556274414e-01
6.336048245429992676e-01 3.663951754570007324e-01
8.615145087242126465e-01 1.384855508804321289e-01
2.825197577476501465e-01 7.174803018569946289e-01
8.595659136772155762e-01 1.404340714216232300e-01
6.149200797080993652e-01 3.850798904895782471e-01
6.626797914505004883e-01 3.373202085494995117e-01
8.663548231124877930e-01 1.336452066898345947e-01
7.741475105285644531e-01 2.258524745702743530e-01
2.569531500339508057e-01 7.430468201637268066e-01
2.437348067760467529e-01 7.562652230262756348e-01
5.752457976341247559e-01 4.247542321681976318e-01
4.906272292137145996e-01 5.093727111816406250e-01
7.393165826797485352e-01 2.606834471225738525e-01
5.733550786972045898e-01 4.266449213027954102e-01
3.145636618137359619e-01 6.854363679885864258e-01
5.262463688850402832e-01 4.737535715103149414e-01
5.909644365310668945e-01 4.090355634689331055e-01
4.203363060951232910e-01 5.796636939048767090e-01
6.229172945022583008e-01 3.770827054977416992e-01
3.560368120670318604e-01 6.439631581306457520e-01
3.089795410633087158e-01 6.910204291343688965e-01
6.716238260269165039e-01 3.283761739730834961e-01
8.374482989311218262e-01 1.625517606735229492e-01
7.651990652084350586e-01 2.348008900880813599e-01
7.306098341941833496e-01 2.693901360034942627e-01
4.620958566665649414e-01 5.379040837287902832e-01
6.065124273300170898e-01 3.934875726699829102e-01
6.695641279220581055e-01 3.304358720779418945e-01
8.224639892578125000e-01 1.775359660387039185e-01
7.553552389144897461e-01 2.446447759866714478e-01
5.486844778060913086e-01 4.513154923915863037e-01
6.616743803024291992e-01 3.383256196975708008e-01
7.172239422798156738e-01 2.827760875225067139e-01
4.620892703533172607e-01 5.379108190536499023e-01
3.080277144908905029e-01 6.919722557067871094e-01
4.804258048534393311e-01 5.195741653442382812e-01
2.052162140607833862e-01 7.947838306427001953e-01
8.340795040130615234e-01 1.659204810857772827e-01
5.684071779251098633e-01 4.315928220748901367e-01
4.681009054183959961e-01 5.318990945816040039e-01
7.890089154243469238e-01 2.109910994768142700e-01
5.260525941848754883e-01 4.739474058151245117e-01
6.414980292320251465e-01 3.585019409656524658e-01
5.375071167945861816e-01 4.624928832054138184e-01
6.413110494613647461e-01 3.586888909339904785e-01
2.441950589418411255e-01 7.558049559593200684e-01
6.399700045585632324e-01 3.600299656391143799e-01
4.266184568405151367e-01 5.733816027641296387e-01
4.579405486583709717e-01 5.420594215393066406e-01
6.014794111251831055e-01 3.985205888748168945e-01
9.372861385345458984e-01 6.271382421255111694e-02
7.342306375503540039e-01 2.657693326473236084e-01
8.485369086265563965e-01 1.514631211757659912e-01
9.439980387687683105e-01 5.600200220942497253e-02
2.503808438777923584e-01 7.496191859245300293e-01
5.185658335685729980e-01 4.814341664314270020e-01
6.536274552345275879e-01 3.463725149631500244e-01
8.339869976043701172e-01 1.660130620002746582e-01
8.572898507118225098e-01 1.427101492881774902e-01
6.777707934379577637e-01 3.222291767597198486e-01
7.480854392051696777e-01 2.519145905971527100e-01
6.691849231719970703e-01 3.308150172233581543e-01
5.706579685211181641e-01 4.293420314788818359e-01
5.133528709411621094e-01 4.866471588611602783e-01
3.755791783332824707e-01 6.244208216667175293e-01
7.442913055419921875e-01 2.557086646556854248e-01
3.320330083370208740e-01 6.679669618606567383e-01
4.441583156585693359e-01 5.558416843414306641e-01
3.532312214374542236e-01 6.467688083648681641e-01
5.405566096305847168e-01 4.594433605670928955e-01
7.662330269813537598e-01 2.337670028209686279e-01
3.927037417888641357e-01 6.072962284088134766e-01
9.801448583602905273e-01 1.985511742532253265e-02
7.496055364608764648e-01 2.503944635391235352e-01
9.309424757957458496e-01 6.905754655599594116e-02
2.196621000766754150e-01 7.803378701210021973e-01
3.254331350326538086e-01 6.745668649673461914e-01
6.486336588859558105e-01 3.513663709163665771e-01
2.917360663414001465e-01 7.082639336585998535e-01
7.204900979995727539e-01 2.795099020004272461e-01
9.188042283058166504e-01 8.119574934244155884e-02
5.801481604576110840e-01 4.198518395423889160e-01
4.033698439598083496e-01 5.966301560401916504e-01
1.421789824962615967e-01 8.578210473060607910e-01
5.309578776359558105e-01 4.690421521663665771e-01
5.537880659103393555e-01 4.462119638919830322e-01
8.027054071426391602e-01 1.972945332527160645e-01
7.656635046005249023e-01 2.343364804983139038e-01
4.386975765228271484e-01 5.613024234771728516e-01
5.210328698158264160e-01 4.789671897888183594e-01
4.519426822662353516e-01 5.480573177337646484e-01
5.409559011459350586e-01 4.590440988540649414e-01
4.480949342250823975e-01 5.519051551818847656e-01
3.211710155010223389e-01 6.788288950920104980e-01
3.601111471652984619e-01 6.398888230323791504e-01
6.092848181724548340e-01 3.907151222229003906e-01
7.629312276840209961e-01 2.370687872171401978e-01
7.424690723419189453e-01 2.575309276580810547e-01
7.182448506355285645e-01 2.817551195621490479e-01
7.942073941230773926e-01 2.057926654815673828e-01
2.570217549800872803e-01 7.429782748222351074e-01
8.031336665153503418e-01 1.968664079904556274e-01
6.145601272583007812e-01 3.854398429393768311e-01
8.251395821571350098e-01 1.748604774475097656e-01
7.272089719772338867e-01 2.727910280227661133e-01
7.477973699569702148e-01 2.522026002407073975e-01
4.274277985095977783e-01 5.725721716880798340e-01
6.688408255577087402e-01 3.311592340469360352e-01
7.470538616180419922e-01 2.529461085796356201e-01
9.542415738105773926e-01 4.575844854116439819e-02
5.071970224380493164e-01 4.928030073642730713e-01
6.930023431777954102e-01 3.069976866245269775e-01
2.651576697826385498e-01 7.348424196243286133e-01
5.812200307846069336e-01 4.187799692153930664e-01
8.418128490447998047e-01 1.581871509552001953e-01
8.188689947128295898e-01 1.811309754848480225e-01
5.993388891220092773e-01 4.006610810756683350e-01
7.022079229354858398e-01 2.977921366691589355e-01
6.614851355552673340e-01 3.385148942470550537e-01
6.215451955795288086e-01 3.784547746181488037e-01
7.026876807212829590e-01 2.973123788833618164e-01
8.111106157302856445e-01 1.888894587755203247e-01
7.926143407821655273e-01 2.073856443166732788e-01
3.724958598613739014e-01 6.275042295455932617e-01
5.887866020202636719e-01 4.112134277820587158e-01
5.065843462944030762e-01 4.934156835079193115e-01
5.818336606025695801e-01 4.181663095951080322e-01
4.415553510189056396e-01 5.584447383880615234e-01
5.136730074882507324e-01 4.863269925117492676e-01
1.532781869173049927e-01 8.467217683792114258e-01
2.447256594896316528e-01 7.552743554115295410e-01
7.047389745712280273e-01 2.952610552310943604e-01
8.400622606277465820e-01 1.599377244710922241e-01
8.465909361839294434e-01 1.534090638160705566e-01
8.075268864631652832e-01 1.924731284379959106e-01
9.207903146743774414e-01 7.920964062213897705e-02
1.804105937480926514e-01 8.195893764495849609e-01
6.885430216789245605e-01 3.114569485187530518e-01
8.092539906501770020e-01 1.907459944486618042e-01
4.935735166072845459e-01 5.064265131950378418e-01
4.327535927295684814e-01 5.672464370727539062e-01
8.469202518463134766e-01 1.530797779560089111e-01
2.447851896286010742e-01 7.552148699760437012e-01
4.842655062675476074e-01 5.157345533370971680e-01
7.698380351066589355e-01 2.301619052886962891e-01
6.621630787849426270e-01 3.378369510173797607e-01
7.388785481452941895e-01 2.611214816570281982e-01
8.718402385711669922e-01 1.281597912311553955e-01
6.902871727943420410e-01 3.097127974033355713e-01
3.342290520668029785e-01 6.657710075378417969e-01
6.445640325546264648e-01 3.554359078407287598e-01
2.532357573509216309e-01 7.467642426490783691e-01
5.240001678466796875e-01 4.759997427463531494e-01
2.743070423603057861e-01 7.256929874420166016e-01
3.273489177227020264e-01 6.726510524749755859e-01
9.122399091720581055e-01 8.776013553142547607e-02
5.408162474632263184e-01 4.591838121414184570e-01
5.868111252784729004e-01 4.131888449192047119e-01
7.167549729347229004e-01 2.832449674606323242e-01
2.588379085063934326e-01 7.411621212959289551e-01
2.671415209770202637e-01 7.328585386276245117e-01
5.488521456718444824e-01 4.511478543281555176e-01
7.108063697814941406e-01 2.891936004161834717e-01
8.958113789558410645e-01 1.041885986924171448e-01
9.525988101959228516e-01 4.740116000175476074e-02
2.437801510095596313e-01 7.562198638916015625e-01
8.225670456886291504e-01 1.774328798055648804e-01
7.143683433532714844e-01 2.856316566467285156e-01
3.141269385814666748e-01 6.858730316162109375e-01
4.780731201171875000e-01 5.219268798828125000e-01
5.673416256904602051e-01 4.326583147048950195e-01
6.339020729064941406e-01 3.660979270935058594e-01
5.701993107795715332e-01 4.298007190227508545e-01
5.964439511299133301e-01 4.035560488700866699e-01
6.174084544181823730e-01 3.825915455818176270e-01
5.719573497772216797e-01 4.280426800251007080e-01
5.354523658752441406e-01 4.645476341247558594e-01
4.916166961193084717e-01 5.083833336830139160e-01
2.301232218742370605e-01 7.698767781257629395e-01
6.116055846214294434e-01 3.883944153785705566e-01
9.781473278999328613e-01 2.185263298451900482e-02
6.780452728271484375e-01 3.219547569751739502e-01
7.661905884742736816e-01 2.338094115257263184e-01
7.202826142311096191e-01 2.797173857688903809e-01
5.903626680374145508e-01 4.096373915672302246e-01
8.657022714614868164e-01 1.342977881431579590e-01
9.583971649408340454e-02 9.041602611541748047e-01
6.830987930297851562e-01 3.169012665748596191e-01
8.953326344490051270e-01 1.046673506498336792e-01
5.575535893440246582e-01 4.424464404582977295e-01
4.427908360958099365e-01 5.572091937065124512e-01
3.271763324737548828e-01 6.728236675262451172e-01
4.777778089046478271e-01 5.222221612930297852e-01
7.029824256896972656e-01 2.970175147056579590e-01
7.234382629394531250e-01 2.765617370605468750e-01
7.868946194648742676e-01 2.131054401397705078e-01
6.837300658226013184e-01 3.162699639797210693e-01
6.185977458953857422e-01 3.814022541046142578e-01
9.528875350952148438e-01 4.711245745420455933e-02
4.639205336570739746e-01 5.360794663429260254e-01
6.266106367111206055e-01 3.733893632888793945e-01
4.730178713798522949e-01 5.269820690155029297e-01
8.799268007278442383e-01 1.200732067227363586e-01
5.166916251182556152e-01 4.833083748817443848e-01
6.781778335571289062e-01 3.218221664428710938e-01
5.278948545455932617e-01 4.721051156520843506e-01
8.328372240066528320e-01 1.671627312898635864e-01
6.173964738845825195e-01 3.826034665107727051e-01
8.643987774848937988e-01 1.356012076139450073e-01
5.899281501770019531e-01 4.100718200206756592e-01
7.898302674293518066e-01 2.101697325706481934e-01
8.230198621749877930e-01 1.769800633192062378e-01
9.576207995414733887e-01 4.237921908497810364e-02
7.128413319587707520e-01 2.871586382389068604e-01
5.424642562866210938e-01 4.575357735157012939e-01
5.235385298728942871e-01 4.764614999294281006e-01
5.277917385101318359e-01 4.722082614898681641e-01
6.463348865509033203e-01 3.536651134490966797e-01
5.492632985115051270e-01 4.507367312908172607e-01
7.302759289741516113e-01 2.697240710258483887e-01
8.285415768623352051e-01 1.714584231376647949e-01
7.161160707473754883e-01 2.838839590549468994e-01
6.281702518463134766e-01 3.718297779560089111e-01
4.751932024955749512e-01 5.248067975044250488e-01
4.096993803977966309e-01 5.903006196022033691e-01
8.465382456779479980e-01 1.534617990255355835e-01
8.902597427368164062e-01 1.097401902079582214e-01
8.782575726509094238e-01 1.217423826456069946e-01
4.696447551250457764e-01 5.303552746772766113e-01
6.783221364021301270e-01 3.216778337955474854e-01
4.958606362342834473e-01 5.041393637657165527e-01
2.567880451679229736e-01 7.432119250297546387e-01
6.699590086936950684e-01 3.300409317016601562e-01
3.844579160213470459e-01 6.155420541763305664e-01
7.371128797531127930e-01 2.628871202468872070e-01
7.140077352523803711e-01 2.859922647476196289e-01
5.754944086074829102e-01 4.245055913925170898e-01
4.328474402427673340e-01 5.671525597572326660e-01
8.024720549583435059e-01 1.975279748439788818e-01
9.104487299919128418e-01 8.955124020576477051e-02
3.777228593826293945e-01 6.222771406173706055e-01
7.384400963783264160e-01 2.615598738193511963e-01
7.021150588989257812e-01 2.978849411010742188e-01
6.754726767539978027e-01 3.245273232460021973e-01
7.593777775764465332e-01 2.406221628189086914e-01
6.282500028610229492e-01 3.717500269412994385e-01
3.764203786849975586e-01 6.235796809196472168e-01
3.736034929752349854e-01 6.263964772224426270e-01
6.090354919433593750e-01 3.909645378589630127e-01
2.518706917762756348e-01 7.481293082237243652e-01
7.389940619468688965e-01 2.610059678554534912e-01
5.585097670555114746e-01 4.414902329444885254e-01
5.110183358192443848e-01 4.889816641807556152e-01
9.048244953155517578e-01 9.517545998096466064e-02
7.074109315872192383e-01 2.925891280174255371e-01
8.490028977394104004e-01 1.509971320629119873e-01
8.940668106079101562e-01 1.059331744909286499e-01
8.931926488876342773e-01 1.068074032664299011e-01
3.147685527801513672e-01 6.852315068244934082e-01
2.402049005031585693e-01 7.597950696945190430e-01
8.196340799331665039e-01 1.803658902645111084e-01
7.214231491088867188e-01 2.785768508911132812e-01
4.748216867446899414e-01 5.251783132553100586e-01
7.301284074783325195e-01 2.698715925216674805e-01
9.774228930473327637e-01 2.257710695266723633e-02
7.994423508644104004e-01 2.005576640367507935e-01
9.351294040679931641e-01 6.487058103084564209e-02
4.943308830261230469e-01 5.056690573692321777e-01
6.666367053985595703e-01 3.333633840084075928e-01
7.292329072952270508e-01 2.707671523094177246e-01
9.319801330566406250e-01 6.801979988813400269e-02
7.040919661521911621e-01 2.959080636501312256e-01
5.505194067955017090e-01 4.494806230068206787e-01
9.763760566711425781e-01 2.362394146621227264e-02
9.373481869697570801e-01 6.265182793140411377e-02
6.095796823501586914e-01 3.904202878475189209e-01
8.012403845787048340e-01 1.987595856189727783e-01
4.037635922431945801e-01 5.962364077568054199e-01
4.314026236534118652e-01 5.685973763465881348e-01
5.043846368789672852e-01 4.956153035163879395e-01
7.214138507843017578e-01 2.785861790180206299e-01
8.350411653518676758e-01 1.649588644504547119e-01
6.474286913871765137e-01 3.525713086128234863e-01
5.532975196838378906e-01 4.467024207115173340e-01
4.219288527965545654e-01 5.780711770057678223e-01
7.112477421760559082e-01 2.887522280216217041e-01
7.018469572067260742e-01 2.981530725955963135e-01
7.180227637290954590e-01 2.819772958755493164e-01
6.062014102935791016e-01 3.937986195087432861e-01
7.965780496597290039e-01 2.034219652414321899e-01
8.224692344665527344e-01 1.775307655334472656e-01
9.834121465682983398e-01 1.658780872821807861e-02
5.092767477035522461e-01 4.907232224941253662e-01
5.790177583694458008e-01 4.209822118282318115e-01
6.369180679321289062e-01 3.630819022655487061e-01
2.529823780059814453e-01 7.470176815986633301e-01
8.703067302703857422e-01 1.296933144330978394e-01
7.914576530456542969e-01 2.085423767566680908e-01
4.470986723899841309e-01 5.529013276100158691e-01
7.324976325035095215e-01 2.675023972988128662e-01
7.950095534324645996e-01 2.049903869628906250e-01
7.313204407691955566e-01 2.686796188354492188e-01
7.796641588211059570e-01 2.203357815742492676e-01
5.975486040115356445e-01 4.024514853954315186e-01
6.322158575057983398e-01 3.677841722965240479e-01
6.379522681236267090e-01 3.620477318763732910e-01
7.839240431785583496e-01 2.160760015249252319e-01
9.768295884132385254e-01 2.317038178443908691e-02
5.125076770782470703e-01 4.874923527240753174e-01
4.434534907341003418e-01 5.565465688705444336e-01
7.105817198753356934e-01 2.894183099269866943e-01
8.483593463897705078e-01 1.516406387090682983e-01
8.707998991012573242e-01 1.292001008987426758e-01
5.375090241432189941e-01 4.624909162521362305e-01
3.943352401256561279e-01 6.056647896766662598e-01
9.862154722213745117e-01 1.378454826772212982e-02
5.000311136245727539e-01 4.999688565731048584e-01
8.577777147293090820e-01 1.422222405672073364e-01
8.922325372695922852e-01 1.077674701809883118e-01
4.520978033542633057e-01 5.479022264480590820e-01
6.259495615959167480e-01 3.740504086017608643e-01
8.440702557563781738e-01 1.559298038482666016e-01
5.538566112518310547e-01 4.461433291435241699e-01
6.186392307281494141e-01 3.813607990741729736e-01
7.845408320426940918e-01 2.154591530561447144e-01
6.835816502571105957e-01 3.164183199405670166e-01
6.890147328376770020e-01 3.109852969646453857e-01
7.767959237098693848e-01 2.232040613889694214e-01
3.021934926509857178e-01 6.978065371513366699e-01
9.744693040847778320e-01 2.553065679967403412e-02
8.386426568031311035e-01 1.613572984933853149e-01
7.020782232284545898e-01 2.979217767715454102e-01
2.327266335487365723e-01 7.672733664512634277e-01
5.703830122947692871e-01 4.296169579029083252e-01
8.328678011894226074e-01 1.671322286128997803e-01
5.127072930335998535e-01 4.872927069664001465e-01
4.017984867095947266e-01 5.982015132904052734e-01
7.938556671142578125e-01 2.061443030834197998e-01
6.033904552459716797e-01 3.966095447540283203e-01
8.279482722282409668e-01 1.720517575740814209e-01
8.146392703056335449e-01 1.853607147932052612e-01
8.919630050659179688e-01 1.080369427800178528e-01
6.855689287185668945e-01 3.144309818744659424e-01
4.387868344783782959e-01 5.612131357192993164e-01
6.129957437515258789e-01 3.870042860507965088e-01
9.040127992630004883e-01 9.598714113235473633e-02
8.446556329727172852e-01 1.553443521261215210e-01
6.039114594459533691e-01 3.960885107517242432e-01
6.720124483108520508e-01 3.279875516891479492e-01
7.956556081771850586e-01 2.043444216251373291e-01
9.146307110786437988e-01 8.536925166845321655e-02
5.867206454277038574e-01 4.132793545722961426e-01
7.705048322677612305e-01 2.294951975345611572e-01
9.170328974723815918e-01 8.296704292297363281e-02
6.326212882995605469e-01 3.673786818981170654e-01
7.063214778900146484e-01 2.936784923076629639e-01
8.181629776954650879e-01 1.818369626998901367e-01
9.317457079887390137e-01 6.825432926416397095e-02
7.481027245521545410e-01 2.518973052501678467e-01
6.389039158821105957e-01 3.610960543155670166e-01
9.380576610565185547e-01 6.194229051470756531e-02
8.719660639762878418e-01 1.280339658260345459e-01
8.042802214622497559e-01 1.957197785377502441e-01
6.662752628326416016e-01 3.337247371673583984e-01
7.458820343017578125e-01 2.541179656982421875e-01
6.983787417411804199e-01 3.016212284564971924e-01
6.166701912879943848e-01 3.833297789096832275e-01
7.251366972923278809e-01 2.748633623123168945e-01
6.124040484428405762e-01 3.875960111618041992e-01
7.184882760047912598e-01 2.815116643905639648e-01
8.345091938972473145e-01 1.654908657073974609e-01
9.340555667877197266e-01 6.594444066286087036e-02
6.818917989730834961e-01 3.181081712245941162e-01
8.542869091033935547e-01 1.457130461931228638e-01
8.888080716133117676e-01 1.111919581890106201e-01
8.430484533309936523e-01 1.569515317678451538e-01
2.011033147573471069e-01 7.988967299461364746e-01
6.017552018165588379e-01 3.982447683811187744e-01
8.910669684410095215e-01 1.089330613613128662e-01
9.644675850868225098e-01 3.553241863846778870e-02
8.077507615089416504e-01 1.922492533922195435e-01
4.080493152141571045e-01 5.919505953788757324e-01
7.304064631462097168e-01 2.695935368537902832e-01
7.652821540832519531e-01 2.347178459167480469e-01
6.859878301620483398e-01 3.140121102333068848e-01
1.468769162893295288e-01 8.531230688095092773e-01
5.721870660781860352e-01 4.278129041194915771e-01
3.753558695316314697e-01 6.246441602706909180e-01
8.626375198364257812e-01 1.373625397682189941e-01
7.992727160453796387e-01 2.007272690534591675e-01
8.916705250740051270e-01 1.083294972777366638e-01
8.156883716583251953e-01 1.843115538358688354e-01
7.886249423027038574e-01 2.113750427961349487e-01
6.309460997581481934e-01 3.690539300441741943e-01
9.543054103851318359e-01 4.569461196660995483e-02
7.065882086753845215e-01 2.934117615222930908e-01
7.152046561241149902e-01 2.847954034805297852e-01
9.428746700286865234e-01 5.712530761957168579e-02
7.874132394790649414e-01 2.125867754220962524e-01
8.816465139389038086e-01 1.183535531163215637e-01
7.137431502342224121e-01 2.862568795680999756e-01
9.777460098266601562e-01 2.225395105779170990e-02
8.366265296936035156e-01 1.633735299110412598e-01
7.240293622016906738e-01 2.759706377983093262e-01
6.901808977127075195e-01 3.098190724849700928e-01
9.487289190292358398e-01 5.127102136611938477e-02
4.019152224063873291e-01 5.980848073959350586e-01
8.931495547294616699e-01 1.068504452705383301e-01
5.682393908500671387e-01 4.317605793476104736e-01
7.862527370452880859e-01 2.137473225593566895e-01
9.584934115409851074e-01 4.150656238198280334e-02
7.794041633605957031e-01 2.205958068370819092e-01
7.818845510482788086e-01 2.181154340505599976e-01
8.516526222229003906e-01 1.483474075794219971e-01
7.747150063514709473e-01 2.252850234508514404e-01
7.083842754364013672e-01 2.916157245635986328e-01
9.224331378936767578e-01 7.756680250167846680e-02
5.432935357093811035e-01 4.567064642906188965e-01
9.731245636940002441e-01 2.687547914683818817e-02
6.709665656089782715e-01 3.290334045886993408e-01
9.734750986099243164e-01 2.652496099472045898e-02
3.322919607162475586e-01 6.677080392837524414e-01
8.563382625579833984e-01 1.436617970466613770e-01
7.000110745429992676e-01 2.999889254570007324e-01
8.471339941024780273e-01 1.528660058975219727e-01
9.465529918670654297e-01 5.344697460532188416e-02
7.783159017562866211e-01 2.216840386390686035e-01
7.631432414054870605e-01 2.368567883968353271e-01
6.665562987327575684e-01 3.334437906742095947e-01
6.435489654541015625e-01 3.564510643482208252e-01
8.839589953422546387e-01 1.160409748554229736e-01
3.278061151504516602e-01 6.721938848495483398e-01
6.622015833854675293e-01 3.377984166145324707e-01
9.201096296310424805e-01 7.989043742418289185e-02
9.306384325027465820e-01 6.936162710189819336e-02
8.586972951889038086e-01 1.413026750087738037e-01
7.310824394226074219e-01 2.689175605773925781e-01
8.775060176849365234e-01 1.224939599633216858e-01
9.458023905754089355e-01 5.419761687517166138e-02
9.054653644561767578e-01 9.453462809324264526e-02
4.632077217102050781e-01 5.367923378944396973e-01
6.274735927581787109e-01 3.725263774394989014e-01
5.126034617424011230e-01 4.873965084552764893e-01
7.033261656761169434e-01 2.966737747192382812e-01
6.118265390396118164e-01 3.881734907627105713e-01
6.962143182754516602e-01 3.037856519222259521e-01
8.432334065437316895e-01 1.567666232585906982e-01
9.682689905166625977e-01 3.173098713159561157e-02
7.967669367790222168e-01 2.032330036163330078e-01
7.543175220489501953e-01 2.456824630498886108e-01
6.994385123252868652e-01 3.005614876747131348e-01
3.577744066715240479e-01 6.422255635261535645e-01
7.957820892333984375e-01 2.042179554700851440e-01
6.013380289077758789e-01 3.986619412899017334e-01
9.187225699424743652e-01 8.127739280462265015e-02
5.556657314300537109e-01 4.443342685699462891e-01
9.734998345375061035e-01 2.650019712746143341e-02
7.712572216987609863e-01 2.287427634000778198e-01
4.907278120517730713e-01 5.092721581459045410e-01
8.072897195816040039e-01 1.927102953195571899e-01
8.426122069358825684e-01 1.573877781629562378e-01
6.356086134910583496e-01 3.643913865089416504e-01
6.483914852142333984e-01 3.516085445880889893e-01
9.050845503807067871e-01 9.491540491580963135e-02
5.763155221939086914e-01 4.236845374107360840e-01
8.164202570915222168e-01 1.835797131061553955e-01
5.569370388984680176e-01 4.430629611015319824e-01
8.075683116912841797e-01 1.924317032098770142e-01
5.977982878684997559e-01 4.022017121315002441e-01
7.569844722747802734e-01 2.430156022310256958e-01
6.576582193374633789e-01 3.423417508602142334e-01
5.995105504989624023e-01 4.004894495010375977e-01
7.717621326446533203e-01 2.282378822565078735e-01
7.512750625610351562e-01 2.487249076366424561e-01
7.251680493354797363e-01 2.748318910598754883e-01
7.451630830764770508e-01 2.548369467258453369e-01
6.138828992843627930e-01 3.861171305179595947e-01
7.623143792152404785e-01 2.376856505870819092e-01
9.077498316764831543e-01 9.225016832351684570e-02
7.685619592666625977e-01 2.314379960298538208e-01
8.784821033477783203e-01 1.215178593993186951e-01
9.243525266647338867e-01 7.564755529165267944e-02
5.527049303054809570e-01 4.472950398921966553e-01
8.619897365570068359e-01 1.380103528499603271e-01
6.369152069091796875e-01 3.630847036838531494e-01
6.859561204910278320e-01 3.140439391136169434e-01
5.794734358787536621e-01 4.205266237258911133e-01
7.058538198471069336e-01 2.941462099552154541e-01
3.393468558788299561e-01 6.606531739234924316e-01
7.584073543548583984e-01 2.415926456451416016e-01
6.906380057334899902e-01 3.093620240688323975e-01
5.120501518249511719e-01 4.879498779773712158e-01
8.018625378608703613e-01 1.981374621391296387e-01
5.131046772003173828e-01 4.868953526020050049e-01
5.611552596092224121e-01 4.388447999954223633e-01
5.706475377082824707e-01 4.293524622917175293e-01
7.678988575935363770e-01 2.321011126041412354e-01
4.577141106128692627e-01 5.422858595848083496e-01
6.882928609848022461e-01 3.117071390151977539e-01
2.800881266593933105e-01 7.199119329452514648e-01
2.232656627893447876e-01 7.767343521118164062e-01
5.583639740943908691e-01 4.416359961032867432e-01
4.735296964645385742e-01 5.264703631401062012e-01
8.907169103622436523e-01 1.092830970883369446e-01
5.568509697914123535e-01 4.431490302085876465e-01
7.337323427200317383e-01 2.662675976753234863e-01
8.336272835731506348e-01 1.663727164268493652e-01
2.507371306419372559e-01 7.492628693580627441e-01
5.329246520996093750e-01 4.670752882957458496e-01
8.374298810958862305e-01 1.625701338052749634e-01
6.433908939361572266e-01 3.566090166568756104e-01
8.699964284896850586e-01 1.300036311149597168e-01
5.222815871238708496e-01 4.777184128761291504e-01
7.445484995841979980e-01 2.554515302181243896e-01
5.602385997772216797e-01 4.397613704204559326e-01
6.180377602577209473e-01 3.819622695446014404e-01
5.991172194480895996e-01 4.008827805519104004e-01
4.798208475112915039e-01 5.201791524887084961e-01
